+375(29)3312512
+375(29)6899501
+375(29)3293320
+375(29)4622753
+375(29)4140231
+375(29)4397711
+375(29)9502460
+375(29)6506168
+375(29)1305627
+375(29)6705371
+375(29)3415621
+375(29)7843083
+375(29)7923721
+375(29)6090636
+375(29)7370416
+375(29)8108538
+375(29)1134641
+375(29)7505054
+375(29)1675433
+375(29)5489084
+375(29)4464492
+375(29)3285602
+375(29)5590639
+375(29)7244319
+375(29)3464759
+375(29)8748166
+375(29)8973515
+375(29)8251977
+375(29)1616571
+375(29)2262167
+375(29)8913583
+375(29)9578861
+375(29)9880934
+375(29)1245245
+375(29)1310494
+375(29)9430948
+375(29)3763538
+375(29)1716059
+375(29)9290441
+375(29)2775359
+375(29)8177261
+375(29)3103682
+375(29)9953246
+375(29)1912464
+375(29)4071442
+375(29)5385840
+375(29)4350722
+375(29)5352232
+375(29)3026594
+375(29)9722276
+375(29)3556674
+375(29)7147244
+375(29)8983113
+375(29)4294621
+375(29)7526421
+375(29)2834263
+375(29)8657270
+375(29)1109084
+375(29)1049632
+375(29)5842755
+375(29)8181442
+375(29)7177461
+375(29)8145412
+375(29)2105843
+375(29)4533273
+375(29)3012606
+375(29)5836389
+375(29)6070090
+375(29)7921390
+375(29)6663845
+375(29)6063179
+375(29)1658869
+375(29)4236859
+375(29)7966743
+375(29)4679340
+375(29)7708724
+375(29)4863373
+375(29)6201466
+375(29)9534592
+375(29)8627895
+375(29)4491009
+375(29)8470410
+375(29)3091298
+375(29)4630574
+375(29)6906781
+375(29)9102146
+375(29)8745579
+375(29)4460920
+375(29)2764400
+375(29)1658555
+375(29)8874765
+375(29)7225736
+375(29)3271724
+375(29)3046586
+375(29)8067517
+375(29)8245782
+375(29)3967049
+375(29)1889888
+375(29)5919972
+375(29)3468344
+375(29)4262001
+375(29)5311921
+375(29)6981407
+375(29)7009020
+375(29)6640864
+375(29)6776594
+375(29)1107525
+375(29)7463415
+375(29)7737639
+375(29)9706560
+375(29)8809631
+375(29)9806298
+375(29)7138091
+375(29)6008870
+375(29)8387498
+375(29)1816272
+375(29)3285744
+375(29)8006648
+375(29)8628449
+375(29)9986437
+375(29)4372777
+375(29)4176488
+375(29)5675873
+375(29)6023949
+375(29)7928175
+375(29)5890615
+375(29)2692186
+375(29)2394998
+375(29)6440430
+375(29)5852400
+375(29)4486966
+375(29)3347468
+375(29)8794742
+375(29)6435918
+375(29)9796649
+375(29)9104275
+375(29)6244839
+375(29)7382849
+375(29)8447013
+375(29)9640158
+375(29)7059572
+375(29)9990805
+375(29)9547101
+375(29)8581201
+375(29)8503758
+375(29)1030984
+375(29)2373723
+375(29)9446357
+375(29)5777519
+375(29)8357857
+375(29)9702255
+375(29)2496263
+375(29)5884024
+375(29)7046734
+375(29)8496678
+375(29)1017866
+375(29)3478002
+375(29)6571337
+375(29)8908617
+375(29)3419230
+375(29)5358465
+375(29)8589271
+375(29)6729864
+375(29)1950246
+375(29)7356229
+375(29)5928886
+375(29)5581430
+375(29)7307052
+375(29)7402527
+375(29)2666243
+375(29)4088993
+375(29)8572610
+375(29)3841998
+375(29)1487880
+375(29)4740447
+375(29)4347087
+375(29)2560513
+375(29)9414899
+375(29)1754421
+375(29)4721325
+375(29)8334635
+375(29)1024827
+375(29)6519928
+375(29)2161373
+375(29)6117687
+375(29)6744677
+375(29)1598879
+375(29)8525963
+375(29)2118200
+375(29)1092844
+375(29)9700971
+375(29)9475358
+375(29)2007643
+375(29)4326306
+375(29)9254730
+375(29)8631427
+375(29)8214895
+375(29)2568443
+375(29)5606199
+375(29)8032929
+375(29)5538764
+375(29)2178147
+375(29)4875518
+375(29)8620202
+375(29)1811312
+375(29)8568064
+375(29)2818590
+375(29)6660744
+375(29)9157061
+375(29)9452165
+375(29)8703092
+375(29)4314855
+375(29)9481729
+375(29)4287717
+375(29)1328433
+375(29)9773000
+375(29)1789744
+375(29)3653389
+375(29)6042273
+375(29)3679981
+375(29)1547071
+375(29)8599880
+375(29)1873832
+375(29)3237264
+375(29)7448827
+375(29)8650969
+375(29)3118114
+375(29)9707738
+375(29)2772687
+375(29)2134124
+375(29)8166374
+375(29)3598070
+375(29)9171414
+375(29)7341492
+375(29)8749949
+375(29)6151280
+375(29)3605632
+375(29)7358594
+375(29)2467127
+375(29)5886904
+375(29)5452928
+375(29)2718288
+375(29)6225644
+375(29)4701392
+375(29)2103014
+375(29)6378963
+375(29)3792345
+375(29)7133612
+375(29)2364564
+375(29)7726917
+375(29)6965511
+375(29)8328763
+375(29)9335255
+375(29)1895481
+375(29)7351720
+375(29)1424750
+375(29)4990376
+375(29)2621627
+375(29)5334739
+375(29)3941528
+375(29)2774490
+375(29)5431331
+375(29)1706840
+375(29)3167648
+375(29)9701701
+375(29)4663865
+375(29)9669389
+375(29)6281084
+375(29)5883375
+375(29)1010588
+375(29)1962413
+375(29)3904167
+375(29)1285846
+375(29)7424512
+375(29)8322473
+375(29)5217533
+375(29)2920194
+375(29)4888878
+375(29)2421424
+375(29)5112251
+375(29)7254107
+375(29)7051199
+375(29)4336047
+375(29)9577247
+375(29)2006061
+375(29)1486585
+375(29)9683329
+375(29)6461495
+375(29)5219781
+375(29)6487956
+375(29)5799172
+375(29)3216822
+375(29)8911958
+375(29)6710567
+375(29)9810671
+375(29)8827806
+375(29)4050831
+375(29)7624570
+375(29)9577263
+375(29)5771489
+375(29)7256591
+375(29)9947178
+375(29)6038132
+375(29)4278872
+375(29)2656432
+375(29)5918979
+375(29)3265993
+375(29)4396883
+375(29)1016993
+375(29)9065333
+375(29)2679184
+375(29)3603994
+375(29)3586607
+375(29)2701752
+375(29)4896761
+375(29)2066065
+375(29)4270375
+375(29)5556554
+375(29)9046683
+375(29)8504657
+375(29)4397725
+375(29)1366554
+375(29)2073609
+375(29)8171896
+375(29)4051240
+375(29)8590990
+375(29)9302335
+375(29)9522086
+375(29)7428492
+375(29)3663925
+375(29)8733065
+375(29)2683034
+375(29)2108373
+375(29)2454186
+375(29)6606582
+375(29)8344670
+375(29)5919800
+375(29)6018553
+375(29)9334824
+375(29)3201642
+375(29)5585302
+375(29)3012339
+375(29)9849258
+375(29)2258083
+375(29)1095660
+375(29)5692561
+375(29)8840503
+375(29)8312109
+375(29)5700496
+375(29)5209346
+375(29)3457572
+375(29)8792837
+375(29)4964095
+375(29)6351244
+375(29)1754243
+375(29)3925023
+375(29)6918472
+375(29)6637152
+375(29)1107387
+375(29)5124215
+375(29)1362532
+375(29)7467607
+375(29)3889446
+375(29)4090478
+375(29)5674071
+375(29)3444176
+375(29)7921054
+375(29)5837082
+375(29)5936866
+375(29)6223341
+375(29)2640890
+375(29)1870434
+375(29)4571705
+375(29)7733542
+375(29)9108778
+375(29)9523871
+375(29)4854294
+375(29)9324760
+375(29)2229833
+375(29)7261298
+375(29)8066943
+375(29)8196011
+375(29)2967690
+375(29)9479973
+375(29)9471125
+375(29)5272992
+375(29)6456109
+375(29)2748042
+375(29)5763830
+375(29)5007199
+375(29)5326730
+375(29)7781110
+375(29)7507528
+375(29)8329022
+375(29)6368760
+375(29)2007638
+375(29)8411056
+375(29)9334765
+375(29)1726573
+375(29)9919843
+375(29)9352504
+375(29)9156854
+375(29)6200219
+375(29)9888788
+375(29)8128689
+375(29)9533479
+375(29)5437112
+375(29)3767477
+375(29)4823430
+375(29)7154739
+375(29)5828393
+375(29)4037541
+375(29)1016393
+375(29)4581242
+375(29)3779680
+375(29)5329853
+375(29)4853651
+375(29)9595538
+375(29)2387933
+375(29)7912898
+375(29)8337066
+375(29)5639838
+375(29)6791177
+375(29)7427756
+375(29)7488313
+375(29)7764647
+375(29)3913096
+375(29)2682407
+375(29)5417533
+375(29)8701296
+375(29)9845415
+375(29)9512108
+375(29)4959359
+375(29)2233077
+375(29)7363387
+375(29)7133482
+375(29)1511455
+375(29)3856425
+375(29)1320422
+375(29)1795852
+375(29)9901953
+375(29)4384342
+375(29)3904110
+375(29)8561585
+375(29)2562285
+375(29)4532705
+375(29)1608220
+375(29)8558180
+375(29)8387658
+375(29)3964843
+375(29)6364504
+375(29)7308758
+375(29)5255627
+375(29)8270414
+375(29)1827857
+375(29)8623024
+375(29)2611674
+375(29)1128741
+375(29)7643378
+375(29)7689672
+375(29)7102033
+375(29)1905230
+375(29)6117193
+375(29)2717539
+375(29)3581171
+375(29)5756689
+375(29)9239735
+375(29)7789038
+375(29)3570169
+375(29)3435779
+375(29)4354039
+375(29)1499282
+375(29)3307292
+375(29)9312439
+375(29)6251306
+375(29)1892338
+375(29)2647369
+375(29)9368018
+375(29)8108908
+375(29)5862140
+375(29)9234260
+375(29)6550827
+375(29)3396112
+375(29)8155074
+375(29)7008164
+375(29)5879755
+375(29)6432665
+375(29)3758560
+375(29)8707582
+375(29)7030120
+375(29)8178005
+375(29)4122959
+375(29)1351223
+375(29)6866573
+375(29)4507398
+375(29)6294451
+375(29)3753493
+375(29)6997032
+375(29)1308548
+375(25)5701656
+375(25)6000374
+375(25)7475510
+375(25)9540615
+375(25)3202650
+375(25)1092375
+375(25)4521762
+375(25)9061676
+375(25)9620198
+375(25)6410158
+375(25)6894428
+375(25)4438538
+375(25)4466402
+375(25)1811125
+375(25)6597736
+375(25)1625019
+375(25)6163490
+375(25)7957264
+375(25)6551005
+375(25)7807640
+375(25)7899149
+375(25)2357224
+375(25)7687943
+375(25)3812757
+375(25)6150027
+375(25)2534639
+375(25)5832430
+375(25)8198085
+375(25)6439928
+375(25)9362889
+375(25)5712396
+375(25)5323505
+375(25)3932271
+375(25)3838496
+375(25)2303019
+375(25)6786978
+375(25)7302301
+375(25)5978940
+375(25)1223340
+375(25)9668668
+375(25)9043572
+375(25)7119137
+375(25)6000765
+375(25)1709164
+375(25)8965776
+375(25)9202419
+375(25)9109742
+375(25)1831579
+375(25)7752885
+375(25)6859721
+375(25)7975806
+375(25)5498478
+375(25)8421892
+375(25)6005900
+375(25)8108532
+375(25)8289719
+375(25)5605149
+375(25)4742549
+375(25)8479220
+375(25)4075118
+375(25)8387394
+375(25)5963418
+375(25)7405669
+375(25)5599757
+375(25)8224036
+375(25)7960830
+375(25)3808863
+375(25)4501199
+375(25)7121213
+375(25)1700720
+375(25)1383158
+375(25)8922375
+375(25)7773247
+375(25)6486475
+375(25)3974560
+375(25)2359361
+375(25)6374606
+375(25)9379986
+375(25)7809800
+375(25)8041518
+375(25)7511106
+375(25)1321169
+375(25)6990877
+375(25)3437857
+375(25)4471461
+375(25)6532938
+375(25)5196808
+375(25)4748530
+375(25)3269659
+375(25)3959669
+375(25)3436086
+375(25)7027199
+375(25)8337321
+375(25)4576571
+375(25)9552511
+375(25)5964998
+375(25)5512680
+375(25)5767984
+375(25)2091032
+375(25)1550320
+375(25)4065949
+375(25)9101976
+375(25)1877980
+375(25)6518713
+375(25)2286030
+375(25)1002222
+375(25)1014638
+375(25)1709418
+375(25)6110251
+375(25)6778333
+375(25)7104592
+375(25)9186498
+375(25)9206202
+375(25)4315135
+375(25)7230453
+375(25)1033889
+375(25)6919851
+375(25)6345393
+375(25)3173280
+375(25)5783253
+375(25)4357252
+375(25)4933099
+375(25)6106856
+375(25)4361409
+375(25)9499992
+375(25)5952126
+375(25)5382554
+375(25)3660615
+375(25)3167519
+375(25)6246319
+375(25)8572877
+375(25)3459229
+375(25)8868671
+375(25)1477545
+375(25)4830395
+375(25)7518321
+375(25)6951168
+375(25)8632318
+375(25)5920120
+375(25)9762535
+375(25)1111920
+375(25)6105432
+375(25)7934611
+375(25)8031401
+375(25)6492020
+375(25)2939589
+375(25)9122010
+375(25)5113657
+375(25)6887304
+375(25)8758992
+375(25)3771974
+375(25)7986057
+375(25)4506633
+375(25)7816512
+375(25)8155222
+375(25)8841838
+375(25)9452884
+375(25)3426414
+375(25)6156090
+375(25)4196719
+375(25)4315344
+375(25)3207560
+375(25)3876541
+375(25)1274667
+375(25)8633465
+375(25)6427203
+375(25)2136659
+375(25)2915114
+375(25)3218553
+375(25)4100223
+375(25)1830122
+375(25)4145401
+375(25)2817918
+375(25)5028263
+375(25)6504347
+375(25)2735595
+375(25)2382177
+375(25)9698408
+375(25)3778534
+375(25)2639936
+375(25)2615863
+375(25)6620007
+375(25)3462861
+375(25)7794518
+375(25)5212102
+375(25)1411039
+375(25)2945606
+375(25)4988184
+375(25)9747525
+375(25)6309549
+375(25)6325229
+375(25)5297075
+375(25)1604030
+375(25)5398590
+375(25)2020847
+375(25)1749433
+375(25)8819246
+375(25)7658722
+375(25)2483135
+375(25)3200672
+375(25)6976311
+375(25)4143472
+375(25)1645179
+375(25)6936348
+375(25)3461530
+375(25)5644525
+375(25)4726592
+375(25)2452750
+375(25)2010752
+375(25)3860807
+375(25)1554369
+375(25)2401106
+375(25)8985535
+375(25)6697124
+375(25)7334136
+375(25)5791618
+375(25)1577303
+375(25)6290795
+375(25)6487499
+375(25)9123202
+375(25)1162714
+375(25)7959264
+375(25)1287016
+375(25)4226815
+375(25)5587685
+375(25)4761879
+375(25)9631783
+375(25)9740341
+375(25)5441641
+375(25)8692081
+375(25)3731037
+375(25)3588428
+375(25)5897812
+375(25)7419650
+375(25)9488050
+375(25)9602400
+375(25)9557109
+375(25)5299914
+375(25)9357492
+375(25)3620818
+375(25)4768552
+375(25)5098505
+375(25)3257740
+375(25)6620995
+375(25)4861281
+375(25)8245976
+375(25)4945369
+375(25)6717167
+375(25)8258562
+375(25)5545592
+375(25)5524677
+375(25)1423647
+375(25)5780467
+375(25)1710668
+375(25)8279464
+375(25)3974689
+375(25)2207603
+375(25)2762740
+375(25)5450104
+375(25)6184943
+375(25)4129231
+375(25)8770900
+375(25)7692755
+375(25)1978079
+375(25)5008011
+375(25)1868821
+375(25)4885958
+375(25)4708987
+375(25)7681140
+375(25)1510361
+375(25)3300378
+375(25)7217462
+375(25)7187058
+375(25)6423524
+375(25)9338723
+375(25)6345492
+375(25)3626854
+375(25)7388735
+375(25)7046338
+375(25)6895679
+375(25)2215031
+375(25)5456614
+375(25)8267823
+375(25)9404613
+375(25)5722897
+375(25)7215541
+375(25)7371923
+375(25)2000266
+375(25)2088745
+375(25)7117024
+375(25)8039041
+375(25)4092696
+375(25)4324030
+375(25)7138758
+375(25)7397047
+375(25)9336944
+375(25)7597396
+375(25)6028269
+375(25)8744212
+375(25)3594861
+375(25)6002994
+375(25)6021114
+375(25)4847145
+375(25)2375679
+375(25)3658372
+375(25)5888004
+375(25)4315580
+375(25)4735547
+375(25)4546446
+375(25)7946555
+375(25)4004580
+375(25)1383760
+375(25)1442692
+375(25)1334149
+375(25)7772486
+375(25)2890368
+375(25)1406378
+375(25)5419936
+375(25)1690071
+375(25)4675722
+375(25)6433588
+375(25)9145211
+375(25)7396238
+375(25)5221820
+375(25)5666498
+375(25)3350538
+375(25)7109596
+375(25)9466960
+375(25)5545936
+375(25)9428986
+375(25)8419468
+375(25)4129875
+375(25)1941846
+375(25)2402163
+375(25)8472246
+375(25)8727025
+375(25)2070025
+375(25)2480699
+375(25)2008321
+375(25)2432070
+375(25)1640679
+375(25)6747772
+375(25)3387529
+375(25)5575088
+375(25)1532861
+375(25)9474892
+375(25)7671420
+375(25)5045540
+375(25)1572465
+375(25)7544698
+375(25)5262366
+375(25)2708259
+375(25)5029905
+375(25)1288354
+375(25)3923152
+375(25)5658165
+375(25)5875749
+375(25)1470112
+375(25)8845044
+375(25)6072155
+375(25)4161778
+375(25)5928192
+375(25)1840048
+375(25)2546017
+375(25)2653989
+375(25)2416391
+375(25)7778311
+375(25)3114815
+375(25)3344566
+375(25)1049760
+375(25)5348278
+375(25)6405072
+375(25)8041859
+375(25)2240425
+375(25)6054075
+375(25)5505318
+375(25)8994823
+375(25)9043598
+375(25)4269195
+375(25)5888153
+375(25)2976394
+375(25)7938640
+375(25)1732602
+375(25)5112461
+375(25)7391636
+375(25)9780172
+375(25)6011579
+375(25)6136715
+375(25)4378601
+375(25)2356972
+375(25)1663546
+375(25)4636021
+375(25)6722088
+375(25)4492446
+375(25)7579093
+375(25)5562913
+375(25)6913233
+375(25)4047051
+375(25)2925535
+375(25)1472440
+375(25)6637240
+375(25)7287447
+375(25)8564141
+375(25)8159701
+375(25)8505023
+375(25)2561368
+375(25)1775048
+375(25)4016947
+375(25)9043462
+375(25)5374688
+375(25)9533681
+375(25)4183809
+375(25)8405027
+375(25)8406982
+375(25)9452520
+375(25)4259899
+375(25)9347275
+375(25)1193727
+375(25)1427141
+375(25)7075685
+375(25)9760501
+375(25)6055427
+375(25)1161684
+375(25)8028210
+375(25)7504739
+375(25)3837642
+375(25)9143116
+375(25)3846571
+375(25)8971703
+375(25)4878997
+375(25)3611028
+375(25)7104429
+375(25)3194871
+375(25)3494110
+375(25)9797344
+375(25)3391965
+375(25)8102873
+375(25)3247635
+375(25)4993742
+375(25)1518556
+375(25)8571479
+375(25)5309417
+375(25)9364461
+375(25)3921585
+375(25)8424602
+375(25)4214356
+375(25)5329670
+375(25)3656111
+375(25)5091803
+375(25)7408560
+375(25)6120822
+375(25)7638391
+375(25)5903183
+375(25)8782938
+375(25)5187017
+375(25)8736565
+375(25)7854490
+375(25)9915077
+375(25)4995931
+375(25)2153632
+375(25)3241541
+375(25)1440995
+375(25)9900744
+375(25)5469592
+375(25)2455147
+375(25)7351945
+375(25)3864199
+375(25)5509351
+375(25)5208413
+375(25)6235768
+375(25)5074350
+375(25)8477253
+375(25)5344367
+375(25)1626815
+375(25)6229646
+375(25)3472388
+375(25)1258085
+375(25)1660685
+375(25)9106275
+375(25)2995487
+375(25)9073608
+375(25)1489091
+375(25)6714697
+375(25)7036830
+375(25)1520670
+375(25)2679491
+375(25)8765247
+375(25)6699237
+375(25)4007615
+375(25)5134528
+375(25)2605941
+375(25)1068370
+375(25)4074057
+375(25)3499494
+375(25)9005332
+375(25)3517853
+375(25)9647096
+375(25)7826786
+375(25)9011044
+375(25)4739571
+375(27)9083997
+375(27)2103812
+375(27)9102946
+375(27)6957927
+375(27)4871380
+375(27)4773057
+375(27)1182619
+375(27)4215413
+375(27)7831725
+375(27)1313192
+375(27)7921573
+375(27)8594251
+375(27)3374725
+375(27)6281003
+375(27)3125208
+375(27)3444425
+375(27)4521009
+375(27)7015376
+375(27)9524789
+375(27)5778049
+375(27)1770793
+375(27)1300894
+375(27)9689533
+375(27)3964115
+375(27)6889416
+375(27)6027648
+375(27)5942471
+375(27)8980312
+375(27)1169037
+375(27)8963294
+375(27)1350650
+375(27)5446707
+375(27)5891826
+375(27)2081102
+375(27)3947874
+375(27)9164948
+375(27)5651672
+375(27)8528204
+375(27)4856492
+375(27)4835809
+375(27)5478836
+375(27)9446206
+375(27)8132707
+375(27)3093183
+375(27)8964358
+375(27)6391501
+375(27)1485624
+375(27)2149342
+375(27)7237224
+375(27)6801814
+375(27)6269376
+375(27)1651276
+375(27)2811856
+375(27)2039720
+375(27)3894275
+375(27)3424854
+375(27)8960630
+375(27)4916881
+375(27)9922240
+375(27)8734914
+375(27)2390145
+375(27)5548867
+375(27)5109945
+375(27)3873715
+375(27)9013832
+375(27)3721739
+375(27)7751942
+375(27)9754527
+375(27)6727199
+375(27)6785356
+375(27)9842001
+375(27)6577560
+375(27)6241765
+375(27)6729122
+375(27)8982858
+375(27)9321867
+375(27)7120230
+375(27)3630931
+375(27)1476147
+375(27)5206761
+375(27)1899285
+375(27)1916907
+375(27)5317629
+375(27)7085550
+375(27)4945571
+375(27)5243085
+375(27)9728207
+375(27)1450207
+375(27)2775241
+375(27)9738646
+375(27)5933761
+375(27)7449973
+375(27)5694436
+375(27)6429768
+375(27)7819452
+375(27)1873213
+375(27)6315277
+375(27)2361133
+375(27)6692114
+375(27)3093482
+375(27)9148442
+375(27)5611934
+375(27)7285833
+375(27)6154515
+375(27)2109052
+375(27)2664249
+375(27)8017811
+375(27)8181098
+375(27)9635143
+375(27)7271007
+375(27)4615023
+375(27)7551316
+375(27)9682619
+375(27)2439710
+375(27)8136547
+375(27)8662899
+375(27)4668815
+375(27)6882087
+375(27)8688028
+375(27)2242460
+375(27)2287655
+375(27)1423383
+375(27)2228147
+375(27)7523126
+375(27)1177976
+375(27)6455008
+375(27)1992823
+375(27)7783063
+375(27)1391865
+375(27)9068982
+375(27)6801761
+375(27)1761745
+375(27)3329326
+375(27)1815779
+375(27)1188227
+375(27)8996984
+375(27)6192019
+375(27)7699620
+375(27)6383826
+375(27)7101853
+375(27)5539566
+375(27)6267964
+375(27)4055332
+375(27)1830972
+375(27)3469890
+375(27)2450238
+375(27)2613186
+375(27)8246946
+375(27)7322121
+375(27)9016471
+375(27)3109105
+375(27)7263045
+375(27)5255685
+375(27)2269366
+375(27)7709648
+375(27)9589419
+375(27)5153210
+375(27)5096632
+375(27)3850431
+375(27)9406724
+375(27)9146947
+375(27)9092943
+375(27)8789742
+375(27)9727115
+375(27)3993666
+375(27)4747442
+375(27)3223904
+375(27)6603355
+375(27)5726232
+375(27)2366261
+375(27)4404240
+375(27)2695273
+375(27)7113461
+375(27)4054122
+375(27)9607224
+375(27)4474520
+375(27)2458493
+375(27)9306577
+375(27)3076210
+375(27)6281787
+375(27)9377335
+375(27)3860589
+375(27)2729836
+375(27)9796662
+375(27)7859805
+375(27)5111113
+375(27)2973699
+375(27)6750007
+375(27)4789884
+375(27)5066092
+375(27)9079130
+375(27)9925160
+375(27)3988085
+375(27)7120306
+375(27)5926546
+375(27)9702047
+375(27)2997411
+375(27)9506352
+375(27)7113329
+375(27)7383342
+375(27)2188290
+375(27)5815452
+375(27)9112461
+375(27)9720783
+375(27)3260396
+375(27)4386001
+375(27)8814824
+375(27)7487056
+375(27)4894563
+375(27)5474646
+375(27)6020026
+375(27)3933899
+375(27)7613279
+375(27)5616245
+375(27)8104043
+375(27)4624155
+375(27)6464539
+375(27)8520377
+375(27)5799854
+375(27)6162738
+375(27)1217463
+375(27)1295824
+375(27)8823388
+375(27)3446075
+375(27)4069202
+375(27)2565737
+375(27)4132093
+375(27)8873088
+375(27)2027626
+375(27)9669814
+375(27)2981662
+375(27)4688575
+375(27)2516550
+375(27)4839010
+375(27)6004859
+375(27)4596140
+375(27)4507179
+375(27)6012241
+375(27)5467176
+375(27)9032515
+375(27)4413749
+375(27)7388906
+375(27)5257720
+375(27)1253478
+375(27)1940161
+375(27)7137067
+375(27)1125673
+375(27)4088871
+375(27)3897979
+375(27)1103627
+375(27)6019201
+375(27)2512211
+375(27)2021600
+375(27)1935162
+375(27)9088913
+375(27)7481843
+375(27)2129994
+375(27)4873055
+375(27)4956604
+375(27)1419678
+375(27)5570281
+375(27)9329750
+375(27)8396140
+375(27)4640897
+375(27)2076081
+375(27)3971015
+375(27)1670607
+375(27)4064602
+375(27)9175986
+375(27)1970755
+375(27)2338132
+375(27)7284127
+375(27)6645137
+375(27)1982734
+375(27)6672683
+375(27)1790146
+375(27)7794211
+375(27)8926171
+375(27)5545256
+375(27)4850812
+375(27)1995656
+375(27)9663368
+375(27)9864854
+375(27)3018507
+375(27)3713910
+375(27)4510203
+375(27)3437421
+375(27)3241890
+375(27)1151502
+375(27)1429384
+375(27)6651369
+375(27)2299945
+375(27)5740746
+375(27)6059114
+375(27)8509524
+375(27)6174189
+375(27)1022507
+375(27)4228503
+375(27)2206976
+375(27)4682236
+375(27)8291879
+375(27)6283993
+375(27)3406895
+375(27)9757471
+375(27)3979164
+375(27)9678388
+375(27)6039252
+375(27)8485107
+375(27)1305602
+375(27)4353918
+375(27)5621474
+375(27)1267141
+375(27)3658215
+375(27)9952001
+375(27)3693371
+375(27)7973604
+375(27)5720888
+375(27)9510400
+375(27)6370661
+375(27)2732078
+375(27)8592715
+375(27)4742253
+375(27)6610279
+375(27)1227288
+375(27)5592346
+375(27)5701218
+375(27)6876768
+375(27)1226645
+375(27)6151675
+375(27)3465290
+375(27)3654031
+375(27)5259985
+375(27)5598478
+375(27)4903959
+375(27)4489339
+375(27)4815489
+375(27)1993594
+375(27)6879983
+375(27)5138999
+375(27)4957841
+375(27)6555387
+375(27)3287513
+375(27)8614996
+375(27)2816705
+375(27)6501242
+375(27)9091175
+375(27)7480538
+375(27)3118069
+375(27)4045377
+375(27)6949982
+375(27)3091798
+375(27)8152240
+375(27)3770999
+375(27)8968923
+375(27)9586462
+375(27)1585577
+375(27)7389768
+375(27)3577311
+375(27)1579338
+375(27)7505145
+375(27)1907452
+375(27)9154142
+375(27)8810612
+375(27)4313592
+375(27)4123357
+375(27)5652885
+375(27)9941209
+375(27)6385404
+375(27)4965621
+375(27)4920307
+375(27)5377713
+375(27)7040912
+375(27)6176338
+375(27)3277558
+375(27)2752452
+375(27)9433690
+375(27)7628914
+375(27)9605068
+375(27)2150305
+375(27)3599794
+375(27)7398605
+375(27)6734393
+375(27)1922813
+375(27)9263857
+375(27)5160241
+375(27)2573884
+375(27)8131402
+375(27)8492376
+375(27)4650826
+375(27)9665223
+375(27)6439549
+375(27)1918952
+375(27)9095373
+375(27)5336662
+375(27)5247179
+375(27)8653085
+375(27)2686291
+375(27)5050143
+375(27)3558481
+375(27)2486504
+375(27)6038661
+375(27)5068494
+375(27)6884651
+375(27)4841879
+375(27)3976672
+375(27)7756279
+375(27)7674036
+375(27)3066367
+375(27)4016557
+375(27)6904190
+375(27)5102096
+375(27)5158786
+375(27)7238494
+375(27)7474586
+375(27)5859605
+375(27)2839398
+375(27)4674873
+375(27)1602605
+375(27)7834862
+375(27)1401965
+375(27)6493291
+375(27)7644985
+375(27)2092608
+375(27)5025984
+375(27)3226117
+375(27)2972196
+375(27)2226512
+375(27)7192369
+375(27)5627188
+375(27)1939440
+375(27)5935489
+375(27)7684797
+375(27)3139986
+375(27)9224206
+375(27)8604754
+375(27)2187242
+375(27)8117351
+375(27)9979450
+375(27)2626576
+375(27)5675718
+375(27)1477948
+375(27)2944797
+375(27)4929258
+375(27)9810320
+375(27)7710614
+375(27)7569735
+375(27)2637520
+375(27)5324293
+375(27)9050879
+375(27)4726455
+375(27)8080699
+375(27)7635218
+375(27)3409358
+375(27)5699071
+375(27)3713488
+375(27)2439042
+375(27)7952651
+375(27)3254736
+375(27)4087648
+375(27)6418602
+375(27)6319382
+375(27)1164964
+375(27)5708576
+375(27)1609289
+375(27)2046265
+375(27)7645706
+375(27)7603379
+375(27)1575701
+375(27)5778470
+375(27)4223670
+375(27)3572968
+375(27)3109213
+375(27)6795016
+375(27)8916089
+375(27)7851252
+375(27)8414329
+375(27)5537645
+375(27)9206684
+375(27)1451798
+375(27)4176007
+375(27)1742129
+375(27)5563885
+375(27)4121623
+375(27)5256300
+375(27)2352405
+375(27)5044819
+375(27)8272317
+375(27)6095618
+375(27)4582979
+375(27)1399858
+375(27)8854599
+375(27)9993495
+375(27)5377080
+375(27)2206289
+375(27)6065210
+375(27)5352713
+375(27)2445905
+375(27)4620608
+375(27)6158019
+375(27)4044925
+375(23)9299058
+375(23)8202535
+375(23)5859976
+375(23)1728865
+375(23)2680414
+375(23)3023664
+375(23)8470627
+375(23)5668683
+375(23)4033332
+375(23)8452539
+375(23)2262289
+375(23)3506663
+375(23)2893675
+375(23)5301659
+375(23)5508500
+375(23)6894936
+375(23)5936783
+375(23)3304947
+375(23)3596674
+375(23)7199366
+375(23)6978606
+375(23)8493163
+375(23)5128284
+375(23)4438468
+375(23)7186905
+375(23)2919119
+375(23)3835642
+375(23)8873373
+375(23)2061313
+375(23)4716474
+375(23)7851780
+375(23)9819325
+375(23)9116724
+375(23)5251812
+375(23)3126126
+375(23)6626448
+375(23)4082505
+375(23)1359979
+375(23)7278722
+375(23)8317208
+375(23)9750489
+375(23)6678410
+375(23)6091436
+375(23)7109188
+375(23)6578360
+375(23)4732953
+375(23)4624268
+375(23)2120127
+375(23)2839978
+375(23)6628961
+375(23)5634879
+375(23)3324823
+375(23)4305358
+375(23)7536080
+375(23)7882849
+375(23)8983662
+375(23)2172461
+375(23)2258248
+375(23)9565834
+375(23)4749330
+375(23)3443865
+375(23)1788157
+375(23)2509796
+375(23)2709521
+375(23)9438700
+375(23)6870780
+375(23)3084008
+375(23)4233858
+375(23)9822133
+375(23)8440762
+375(23)1402548
+375(23)8398205
+375(23)3142682
+375(23)1517538
+375(23)1949311
+375(23)1688970
+375(23)6651444
+375(23)9337148
+375(23)9307220
+375(23)1721758
+375(23)4882640
+375(23)3732568
+375(23)7671143
+375(23)1518009
+375(23)1956071
+375(23)1859091
+375(23)7516862
+375(23)2562485
+375(23)1585187
+375(23)5178663
+375(23)2653503
+375(23)8915424
+375(23)4943747
+375(23)7689414
+375(23)2924045
+375(23)4382137
+375(23)5620185
+375(23)4295318
+375(23)9984641
+375(23)8425542
+375(23)2619887
+375(23)6487729
+375(23)4854165
+375(23)4444815
+375(23)6410141
+375(23)3925171
+375(23)4911465
+375(23)4811695
+375(23)1528750
+375(23)3715780
+375(23)3675991
+375(23)1429046
+375(23)6979296
+375(23)4078393
+375(23)9347330
+375(23)9005559
+375(23)6292649
+375(23)6503373
+375(23)3115782
+375(23)9757037
+375(23)1823242
+375(23)9882076
+375(23)6877149
+375(23)7265789
+375(23)2106218
+375(23)8589828
+375(23)2812747
+375(23)9782977
+375(23)7695056
+375(23)5781695
+375(23)8429661
+375(23)8667323
+375(23)9862435
+375(23)6072160
+375(23)2990217
+375(23)1354725
+375(23)6828310
+375(23)2597013
+375(23)3761354
+375(23)3987765
+375(23)8651676
+375(23)9447082
+375(23)5934109
+375(23)6769814
+375(23)3096534
+375(23)1573333
+375(23)8902459
+375(23)6293140
+375(23)5746154
+375(23)4166421
+375(23)1612979
+375(23)3527767
+375(23)1822786
+375(23)7549906
+375(23)7313131
+375(23)4411317
+375(23)5185910
+375(23)2622983
+375(23)6221292
+375(23)9368120
+375(23)6155003
+375(23)5165266
+375(23)9403033
+375(23)8011837
+375(23)2471421
+375(23)2442852
+375(23)7677376
+375(23)8571326
+375(23)2808050
+375(23)5260125
+375(23)4259165
+375(23)1189182
+375(23)3437713
+375(23)5891747
+375(23)4364634
+375(23)8242209
+375(23)1336350
+375(23)1276669
+375(23)3605392
+375(23)7953651
+375(23)4120811
+375(23)6025800
+375(23)3624057
+375(23)7984648
+375(23)5157323
+375(23)9602937
+375(23)2206230
+375(23)7162736
+375(23)5277988
+375(23)9689315
+375(23)7207649
+375(23)6866306
+375(23)7542027
+375(23)8028874
+375(23)7941415
+375(23)2469949
+375(23)6970922
+375(23)4876792
+375(23)4894390
+375(23)9483288
+375(23)4008416
+375(23)1717328
+375(23)6109543
+375(23)4809641
+375(23)4397433
+375(23)9338307
+375(23)4164433
+375(23)1166769
+375(23)1066786
+375(23)3474761
+375(23)4637936
+375(23)2175350
+375(23)9415593
+375(23)5028961
+375(23)6195324
+375(23)8991635
+375(23)6349627
+375(23)5348763
+375(23)5418300
+375(23)1343937
+375(23)4234267
+375(23)2600349
+375(23)1031493
+375(23)8206717
+375(23)9265060
+375(23)4777034
+375(23)9242603
+375(23)4804656
+375(23)4006794
+375(23)6066414
+375(23)3694238
+375(23)7509024
+375(23)4090530
+375(23)2267525
+375(23)1992793
+375(23)9545679
+375(23)2124409
+375(23)3178532
+375(23)2917344
+375(23)6538675
+375(23)3300102
+375(23)7027291
+375(23)8318229
+375(23)9604262
+375(23)1547491
+375(23)8570007
+375(23)7663852
+375(23)8248700
+375(23)3074425
+375(23)3567765
+375(23)8179871
+375(23)6329081
+375(23)9621131
+375(23)7010200
+375(23)3725361
+375(23)3302306
+375(23)8257040
+375(23)3503850
+375(23)1563418
+375(23)3599623
+375(23)6998319
+375(23)9265892
+375(23)7106531
+375(23)5929554
+375(23)5477682
+375(23)6069483
+375(23)8203551
+375(23)7476867
+375(23)1453289
+375(23)1472050
+375(23)1074868
+375(23)8196181
+375(23)2704679
+375(23)6468472
+375(23)4802244
+375(23)1627581
+375(23)9245460
+375(23)5330442
+375(23)3358320
+375(23)9613932
+375(23)5162523
+375(23)7372107
+375(23)5147393
+375(23)6534254
+375(23)9670107
+375(23)9378216
+375(23)5040830
+375(23)9488252
+375(23)6991235
+375(23)2906355
+375(23)4062041
+375(23)8795374
+375(23)4403296
+375(23)9745102
+375(23)6628846
+375(23)7158204
+375(23)5085225
+375(23)1551188
+375(23)2452586
+375(23)8175218
+375(23)5766152
+375(23)4271086
+375(23)4222415
+375(23)1259729
+375(23)2582186
+375(23)4205184
+375(23)9319697
+375(23)9109191
+375(23)6640741
+375(23)2520746
+375(23)1149464
+375(23)7712757
+375(23)1899827
+375(23)7802342
+375(23)1374176
+375(23)1581050
+375(23)7082813
+375(23)3064732
+375(23)5277717
+375(23)1378583
+375(23)4364526
+375(23)1735916
+375(23)6093999
+375(23)2731663
+375(23)2788193
+375(23)1348176
+375(23)2855709
+375(23)8633738
+375(23)2538541
+375(23)6680665
+375(23)9963757
+375(23)2051779
+375(23)4670319
+375(23)1456368
+375(23)8403445
+375(23)7942208
+375(23)7407775
+375(23)5641647
+375(23)6186451
+375(23)2538760
+375(23)2100232
+375(23)2550252
+375(23)7447876
+375(23)7003276
+375(23)9816223
+375(23)5522879
+375(23)5068038
+375(23)8605120
+375(23)8831839
+375(23)6197135
+375(23)1175626
+375(23)1177276
+375(23)1295770
+375(23)3204470
+375(23)2630886
+375(23)6994780
+375(23)9737438
+375(23)2203864
+375(23)2146639
+375(23)3214357
+375(23)1317969
+375(23)7466521
+375(23)1739441
+375(23)7355406
+375(23)2286324
+375(23)4073056
+375(23)1137806
+375(23)1140119
+375(23)1781688
+375(23)8449064
+375(23)3749247
+375(23)8370652
+375(23)1778765
+375(23)7157621
+375(23)6755873
+375(23)3868685
+375(23)3689815
+375(23)4684681
+375(23)8533478
+375(23)2243112
+375(23)4341628
+375(23)5087197
+375(23)9513975
+375(23)1962506
+375(23)2523377
+375(23)9176977
+375(23)6288489
+375(23)4088705
+375(23)8259513
+375(23)5190976
+375(23)5043633
+375(23)8233058
+375(23)7291579
+375(23)6293058
+375(23)5946557
+375(23)7438247
+375(23)9421274
+375(23)4944559
+375(23)3804962
+375(23)5170335
+375(23)1094132
+375(23)4035747
+375(23)5918029
+375(23)6141061
+375(23)9091283
+375(23)7721077
+375(23)6406455
+375(23)5084991
+375(23)9286972
+375(23)2715990
+375(23)1582199
+375(23)7581191
+375(23)8172228
+375(23)3402854
+375(23)1351556
+375(23)5028123
+375(23)9453602
+375(23)3023350
+375(23)5663551
+375(23)3165751
+375(23)3474561
+375(23)6413187
+375(23)9405569
+375(23)9474930
+375(23)5830964
+375(23)7244609
+375(23)7460991
+375(23)5998156
+375(23)3900126
+375(23)9611772
+375(23)4441387
+375(23)9819424
+375(23)8473888
+375(23)9792644
+375(23)3132583
+375(23)6201030
+375(23)6452707
+375(23)1331104
+375(23)7353503
+375(23)8312532
+375(23)6184925
+375(23)3699453
+375(23)3263853
+375(23)7314470
+375(23)4139848
+375(23)4090334
+375(23)9264224
+375(23)9551354
+375(23)8317980
+375(23)3970472
+375(23)5367638
+375(23)6709262
+375(23)5091333
+375(23)2536506
+375(23)3406656
+375(23)7601400
+375(23)7929998
+375(23)8792882
+375(23)3639828
+375(23)1233292
+375(23)1443187
+375(23)4098737
+375(23)6464661
+375(23)8698034
+375(23)1556192
+375(23)7876671
+375(23)7874505
+375(23)9117389
+375(23)6693570
+375(23)5677321
+375(23)1777165
+375(23)8955070
+375(23)8216244
+375(23)9306349
+375(23)9345117
+375(23)9388180
+375(23)4552989
+375(23)4638883
+375(23)1271293
+375(23)4753835
+375(23)2833089
+375(23)8146082
+375(23)6955663
+375(23)3475034
+375(23)7505251
+375(23)5078901
+375(23)8682788
+375(23)9709427
+375(23)2894007
+375(23)3312912
+375(23)6392457
+375(23)1812248
+375(23)3017486
+375(23)4237278
+375(23)7310841
+375(23)1612899
+375(23)3426904
+375(23)5374999
+375(23)6814978
+375(23)5403541
+375(26)4491666
+375(26)5881297
+375(26)3796529
+375(26)4745575
+375(26)1039312
+375(26)4039886
+375(26)2833017
+375(26)2862609
+375(26)9950786
+375(26)7956552
+375(26)3568292
+375(26)6617609
+375(26)3205528
+375(26)3207351
+375(26)6290425
+375(26)1793121
+375(26)7879612
+375(26)8643199
+375(26)3358853
+375(26)4894701
+375(26)1508629
+375(26)9365471
+375(26)2206593
+375(26)8730305
+375(26)5562084
+375(26)4312794
+375(26)7164331
+375(26)4630342
+375(26)4767672
+375(26)4289251
+375(26)6254590
+375(26)2261012
+375(26)9739714
+375(26)6781379
+375(26)6227608
+375(26)1080936
+375(26)2353992
+375(26)7164403
+375(26)1035681
+375(26)3481954
+375(26)2054692
+375(26)2741195
+375(26)3320099
+375(26)1328162
+375(26)5507491
+375(26)4662463
+375(26)4858726
+375(26)6050628
+375(26)6496416
+375(26)1869000
+375(26)9843400
+375(26)9355686
+375(26)9896340
+375(26)4878980
+375(26)2469095
+375(26)4824657
+375(26)6230886
+375(26)5004925
+375(26)2081575
+375(26)7444456
+375(26)7961179
+375(26)1222724
+375(26)9728204
+375(26)9812662
+375(26)7130170
+375(26)1421208
+375(26)6969133
+375(26)1134838
+375(26)1932300
+375(26)4127336
+375(26)2403128
+375(26)8736682
+375(26)9691236
+375(26)2638728
+375(26)8213698
+375(26)7201758
+375(26)4700362
+375(26)2142205
+375(26)3935790
+375(26)1070594
+375(26)5971089
+375(26)4365491
+375(26)5542545
+375(26)9777641
+375(26)9150839
+375(26)2130397
+375(26)6129320
+375(26)6395215
+375(26)2071081
+375(26)9922409
+375(26)5985580
+375(26)8003364
+375(26)9337409
+375(26)7868744
+375(26)8017592
+375(26)8375060
+375(26)8730353
+375(26)7754126
+375(26)2345367
+375(26)4815128
+375(26)5914167
+375(26)5292710
+375(26)8794465
+375(26)9851309
+375(26)9472147
+375(26)9560857
+375(26)4492218
+375(26)5245520
+375(26)1587634
+375(26)6202430
+375(26)9082617
+375(26)4221118
+375(26)6944380
+375(26)3900086
+375(26)7723167
+375(26)9266762
+375(26)4439573
+375(26)2286823
+375(26)3187738
+375(26)8312583
+375(26)7493119
+375(26)7003093
+375(26)3655796
+375(26)4705147
+375(26)6679950
+375(26)9075581
+375(26)8596391
+375(26)5567479
+375(26)1349329
+375(26)1288872
+375(26)6522679
+375(26)9672821
+375(26)7310000
+375(26)9693081
+375(26)4304312
+375(26)7884866
+375(26)9118572
+375(26)8526401
+375(26)4811146
+375(26)2393255
+375(26)1469694
+375(26)7907793
+375(26)1864096
+375(26)2191728
+375(26)4095966
+375(26)9922359
+375(26)8346558
+375(26)7462368
+375(26)3643545
+375(26)9165664
+375(26)5792364
+375(26)2496494
+375(26)4885481
+375(26)5842877
+375(26)5512285
+375(26)6445349
+375(26)4817567
+375(26)7840996
+375(26)2223360
+375(26)9618509
+375(26)5909300
+375(26)5558075
+375(26)7425061
+375(26)7044015
+375(26)7399139
+375(26)9913239
+375(26)4149779
+375(26)3382552
+375(26)9184760
+375(26)3761882
+375(26)3267271
+375(26)2635716
+375(26)7162008
+375(26)6868175
+375(26)5034072
+375(26)5764350
+375(26)1659981
+375(26)2635531
+375(26)5656899
+375(26)8724276
+375(26)6692275
+375(26)5975929
+375(26)5269470
+375(26)2355640
+375(26)4344840
+375(26)5345728
+375(26)5372513
+375(26)4874765
+375(26)6239975
+375(26)2062433
+375(26)3213361
+375(26)1362811
+375(26)3180996
+375(26)1931458
+375(26)3916005
+375(26)6421019
+375(26)1504753
+375(26)5562083
+375(26)8033851
+375(26)1201888
+375(26)3703434
+375(26)1325505
+375(26)4833024
+375(26)4008408
+375(26)7242386
+375(26)6331666
+375(26)2483445
+375(26)9279180
+375(26)8650951
+375(26)5107022
+375(26)3052199
+375(26)6308091
+375(26)9426676
+375(26)4613094
+375(26)5456513
+375(26)3858797
+375(26)8524190
+375(26)3003450
+375(26)3682997
+375(26)7620422
+375(26)6171119
+375(26)7238394
+375(26)8545865
+375(26)2856681
+375(26)2573195
+375(26)5739651
+375(26)8176713
+375(26)4721727
+375(26)9208651
+375(26)8322070
+375(26)6709100
+375(26)4160280
+375(26)8825996
+375(26)7546828
+375(26)1369204
+375(26)1101077
+375(26)9643770
+375(26)6505190
+375(26)9183042
+375(26)2170701
+375(26)5824116
+375(26)4190274
+375(26)4656432
+375(26)2338727
+375(26)2628586
+375(26)1984588
+375(26)9299474
+375(26)2132849
+375(26)9916966
+375(26)5247312
+375(26)6706702
+375(26)3465575
+375(26)4984590
+375(26)4028256
+375(26)4416043
+375(26)2189047
+375(26)3917470
+375(26)5868798
+375(26)7944818
+375(26)8012472
+375(26)7722515
+375(26)1921682
+375(26)9719056
+375(26)3507795
+375(26)5460786
+375(26)5669679
+375(26)2323004
+375(26)2869942
+375(26)7988671
+375(26)9933913
+375(26)4910333
+375(26)9525397
+375(26)1440301
+375(26)5793675
+375(26)9245028
+375(26)9730041
+375(26)4897430
+375(26)6366879
+375(26)8239784
+375(26)2434861
+375(26)4581532
+375(26)1284713
+375(26)3936913
+375(26)6394805
+375(26)9240297
+375(26)9666443
+375(26)1986072
+375(26)3054889
+375(26)9909099
+375(26)1204928
+375(26)6700746
+375(26)2006771
+375(26)8167464
+375(26)3988254
+375(26)7303083
+375(26)8168043
+375(26)9350319
+375(26)6683143
+375(26)4403673
+375(26)5314515
+375(26)1042567
+375(26)8300576
+375(26)3881381
+375(26)2294849
+375(26)7132540
+375(26)3708181
+375(26)2658052
+375(26)5273546
+375(26)1465633
+375(26)3252982
+375(26)4007673
+375(26)9495937
+375(26)4841113
+375(26)8544112
+375(26)3711898
+375(26)4658735
+375(26)5947806
+375(26)7238736
+375(26)9996081
+375(26)1880682
+375(26)2294921
+375(26)2785318
+375(26)1505212
+375(26)9138432
+375(26)9196621
+375(26)7178157
+375(26)6261042
+375(26)6274550
+375(26)8206652
+375(26)4723381
+375(26)2872139
+375(26)2845527
+375(26)4019205
+375(26)1411401
+375(26)8077225
+375(26)3160353
+375(26)3076486
+375(26)1368684
+375(26)1503622
+375(26)6693597
+375(26)5592246
+375(26)8763592
+375(26)8630459
+375(26)5093959
+375(26)5452670
+375(26)4288499
+375(26)1749000
+375(26)7181845
+375(26)7354920
+375(26)8587623
+375(26)3168685
+375(26)6870109
+375(26)9721676
+375(26)5903897
+375(26)8845989
+375(26)9066840
+375(26)5809782
+375(26)7251798
+375(26)4330863
+375(26)1165988
+375(26)4973493
+375(26)4593863
+375(26)5127947
+375(26)6235780
+375(26)6378773
+375(26)5488389
+375(26)6672505
+375(26)3587203
+375(26)9676296
+375(26)4230530
+375(26)5912129
+375(26)7091746
+375(26)6877961
+375(26)2029954
+375(26)6797660
+375(26)1135421
+375(26)9269472
+375(26)7346516
+375(26)8307021
+375(26)6148631
+375(26)4257750
+375(26)7022544
+375(26)4305065
+375(26)3149333
+375(26)9942511
+375(26)4790017
+375(26)7239880
+375(26)4530712
+375(26)5534287
+375(26)5269944
+375(26)2134361
+375(26)3150293
+375(26)3895142
+375(26)6821730
+375(26)6166549
+375(26)4013694
+375(26)4375576
+375(26)8897118
+375(26)4964999
+375(26)5958327
+375(26)8774643
+375(26)7125092
+375(26)8104331
+375(26)4341974
+375(26)9261688
+375(26)9855381
+375(26)7100251
+375(26)5739863
+375(26)4866922
+375(26)4870154
+375(26)7705962
+375(26)2515000
+375(26)9395177
+375(26)1818780
+375(26)6501873
+375(26)1347061
+375(26)2454460
+375(26)3278599
+375(26)5710619
+375(26)4069644
+375(26)3938811
+375(26)4022746
+375(26)6775682
+375(26)4981549
+375(26)7294987
+375(26)8180827
+375(26)3228256
+375(26)9202894
+375(26)1080730
+375(26)2839136
+375(26)2982671
+375(26)9652228
+375(26)5120430
+375(26)4730431
+375(26)1303326
+375(26)4522492
+375(26)1883771
+375(26)1323016
+375(26)7142799
+375(26)2529640
+375(26)6108475
+375(26)9174432
+375(26)6008561
+375(26)6914145
+375(26)2416233
+375(26)3282758
+375(26)9353853
+375(26)1791289
+375(26)3085416
+375(26)6892833
+375(26)5605114
+375(26)7100585
+375(26)3291459
+375(26)6434136
+375(26)8726635
+375(26)7626026
+375(26)2437102
+375(26)4998883
+375(26)9412773
+375(26)2750425
+375(26)5083804
+375(26)8103375
+375(26)2312289
+375(26)8563046
+375(26)9513067
+375(26)1967721
+375(26)4642137
+375(26)1761144
+375(26)1245486
+375(26)6643507
+375(26)7585368
+375(26)2884942
+375(26)2285014
+375(26)5553411
+375(26)1001826
+375(26)6728382
+375(26)7046416
+375(26)2895613
+375(26)2851383
+375(26)6552116
+375(26)5609107
+375(26)9239104
+375(26)3321580
+375(26)7233275
+375(26)4345974
+375(26)3247393
+375(26)9714022
+375(26)9498905
+375(26)8842877
+375(26)3192262
+375(26)1323461
+375(26)5377635
+375(26)2898559
+375(26)2598581
+375(26)6163303
+375(26)7752167
+375(26)9894558
+375(26)1023893
+375(26)8647082
+375(26)3293254
+375(26)6032070