+380(69)5057564
+380(69)4138659
+380(69)5312670
+380(69)6788502
+380(69)7055854
+380(69)1622702
+380(69)7098336
+380(69)7302552
+380(69)4625845
+380(69)4525906
+380(69)5740811
+380(69)1202937
+380(69)1270758
+380(69)9566592
+380(69)2041975
+380(69)8841274
+380(69)6720110
+380(69)4727107
+380(69)6257709
+380(69)2081295
+380(69)7643771
+380(69)4409987
+380(69)9105134
+380(69)6364482
+380(69)8058372
+380(69)9145195
+380(69)4465235
+380(69)6103053
+380(69)3938080
+380(69)2285851
+380(69)1249101
+380(69)4128557
+380(69)3963524
+380(69)1556931
+380(69)9899017
+380(69)4491298
+380(69)2256740
+380(69)6375131
+380(69)6850355
+380(69)2175970
+380(69)7514565
+380(69)2269254
+380(69)3711312
+380(69)5894766
+380(69)9678895
+380(69)9822359
+380(69)1012637
+380(69)5430206
+380(69)6182697
+380(69)3312438
+380(69)9847752
+380(69)7534219
+380(69)3300200
+380(69)8330436
+380(69)9751505
+380(69)1289638
+380(69)4446312
+380(69)2182112
+380(69)6438209
+380(69)5516726
+380(69)5394904
+380(69)1380779
+380(69)5439210
+380(69)4838751
+380(69)8496059
+380(69)2963723
+380(69)9473613
+380(69)2670188
+380(69)3042877
+380(69)4796534
+380(69)9310989
+380(69)2654379
+380(69)8541995
+380(69)3113781
+380(69)2248167
+380(69)6248878
+380(69)9056421
+380(69)3119529
+380(69)5525980
+380(69)2269692
+380(69)8596790
+380(69)6659574
+380(69)3146028
+380(69)2907565
+380(69)8250288
+380(69)1151494
+380(69)7756287
+380(69)7299350
+380(69)7128327
+380(69)9958002
+380(69)1623099
+380(69)7141024
+380(69)2626193
+380(69)3173328
+380(69)7062344
+380(69)2776080
+380(69)9623491
+380(69)1806369
+380(69)9150147
+380(69)9835149
+380(69)4093695
+380(69)6816402
+380(69)2879652
+380(69)1454225
+380(69)7421631
+380(69)1374259
+380(69)1384355
+380(69)7742722
+380(69)8272701
+380(69)6492035
+380(69)4077527
+380(69)9996859
+380(69)9253937
+380(69)4932149
+380(69)1377401
+380(69)6967088
+380(69)3478572
+380(69)7820574
+380(69)8294916
+380(69)6472139
+380(69)3558326
+380(69)9172353
+380(69)4825545
+380(69)9256232
+380(69)4046069
+380(69)8859533
+380(69)7883451
+380(69)5742667
+380(69)8476234
+380(69)8624424
+380(69)8977534
+380(69)1077205
+380(69)8051193
+380(69)6588455
+380(69)5127269
+380(69)6224745
+380(69)6780463
+380(69)4291294
+380(69)2345239
+380(69)6621389
+380(69)8614805
+380(69)8237534
+380(69)4734133
+380(69)9430462
+380(69)2939853
+380(69)1312536
+380(69)7441215
+380(69)4272619
+380(69)8254945
+380(69)6785533
+380(69)3453298
+380(69)9278256
+380(69)5863407
+380(69)3643938
+380(69)9778941
+380(69)5492428
+380(69)2149251
+380(69)7831603
+380(69)1652569
+380(69)9986189
+380(69)3035995
+380(69)6635049
+380(69)7407562
+380(69)5582546
+380(69)1256471
+380(69)4443335
+380(69)7728679
+380(69)4862573
+380(69)4385718
+380(69)8989763
+380(69)8052316
+380(69)6945685
+380(69)3070683
+380(69)9480262
+380(69)9485238
+380(69)9163253
+380(69)3310756
+380(69)9744819
+380(69)8283664
+380(69)3886584
+380(69)9901778
+380(69)3274401
+380(69)5094295
+380(69)5499704
+380(69)7643504
+380(69)8207998
+380(69)8208457
+380(69)3113041
+380(69)4173979
+380(69)2323226
+380(69)9471645
+380(69)8277700
+380(69)1999854
+380(69)2660853
+380(69)8740961
+380(69)4158872
+380(69)2596663
+380(69)7485343
+380(69)1382238
+380(69)3077840
+380(69)8184361
+380(69)3769765
+380(69)9722359
+380(69)6622034
+380(69)2003502
+380(69)6535479
+380(69)3402912
+380(69)1951874
+380(69)2745251
+380(69)7950427
+380(69)6885189
+380(69)1022557
+380(69)9089626
+380(69)2293745
+380(69)5187044
+380(69)4734851
+380(69)5571968
+380(69)2309478
+380(69)2791864
+380(69)8577446
+380(69)9844435
+380(69)7503862
+380(69)4496126
+380(69)4784327
+380(69)5743898
+380(69)5520843
+380(69)1150179
+380(69)4616774
+380(69)5536464
+380(69)4878031
+380(69)4093254
+380(69)5443224
+380(69)6358552
+380(69)3148438
+380(69)7977322
+380(69)6162102
+380(69)2275740
+380(69)7026352
+380(69)5486466
+380(69)9072806
+380(69)4727520
+380(69)5968375
+380(69)5426937
+380(69)5043295
+380(69)4188337
+380(69)8758573
+380(69)4543882
+380(69)2337943
+380(69)5412419
+380(69)6423365
+380(69)6754539
+380(69)4193901
+380(69)7905491
+380(69)2941844
+380(69)8251596
+380(69)2589937
+380(69)3389457
+380(69)8972705
+380(69)1288101
+380(69)8246802
+380(69)4761464
+380(69)8748027
+380(69)7997280
+380(69)6426811
+380(69)9411123
+380(69)7032423
+380(69)4348687
+380(69)6685586
+380(69)8327157
+380(69)2343415
+380(69)7460550
+380(69)3101128
+380(69)2907522
+380(69)2892938
+380(69)2455187
+380(69)3161288
+380(69)6729275
+380(69)7783431
+380(69)6343732
+380(69)2807511
+380(69)5217269
+380(69)8191435
+380(69)6731795
+380(69)2064117
+380(69)7741641
+380(69)6027545
+380(69)9302101
+380(69)9955946
+380(69)4135453
+380(69)1958929
+380(69)5381691
+380(69)2824439
+380(69)6698923
+380(69)7689012
+380(69)8866939
+380(69)9862039
+380(69)1571582
+380(69)7564824
+380(69)1861306
+380(69)9937280
+380(69)3800942
+380(69)8834749
+380(69)4229723
+380(69)4493551
+380(69)5039696
+380(69)1705352
+380(69)7643577
+380(69)8982133
+380(69)5366242
+380(69)9183190
+380(69)3942684
+380(69)9027359
+380(69)9083868
+380(69)2675645
+380(69)7939188
+380(69)1354434
+380(69)3187675
+380(69)8216484
+380(69)9969949
+380(69)4173541
+380(69)8076273
+380(69)3538594
+380(69)5552726
+380(69)3265214
+380(69)5889088
+380(69)1537975
+380(69)2400049
+380(69)3303030
+380(69)1974687
+380(69)9418397
+380(69)5607629
+380(69)5061038
+380(69)7211767
+380(69)4503874
+380(69)2817400
+380(69)4964957
+380(69)3826177
+380(69)9404205
+380(69)3939025
+380(69)7325347
+380(69)4864599
+380(69)8576571
+380(69)9016387
+380(69)8206180
+380(69)3967610
+380(69)2645932
+380(69)6567230
+380(69)8923176
+380(69)6708817
+380(69)6405508
+380(69)5766312
+380(69)5377911
+380(69)9732597
+380(69)8817631
+380(69)8317370
+380(69)7943728
+380(69)8679181
+380(69)4105812
+380(69)2426211
+380(69)3215359
+380(69)8793799
+380(69)3484452
+380(69)6886514
+380(69)9085605
+380(69)1926575
+380(69)5026672
+380(69)4995153
+380(69)3555990
+380(69)2771565
+380(69)7004081
+380(69)7285751
+380(69)1487632
+380(69)5083790
+380(69)4616522
+380(69)9771797
+380(69)5617246
+380(69)4838634
+380(69)6531351
+380(69)9460763
+380(69)3264421
+380(69)6670887
+380(69)1484187
+380(69)5793328
+380(69)1037099
+380(69)1377544
+380(69)1367543
+380(69)6350959
+380(69)7729891
+380(69)5194866
+380(69)4651896
+380(69)7927829
+380(69)3352935
+380(69)6419475
+380(69)2107946
+380(69)1150455
+380(69)1271045
+380(69)5722554
+380(69)4112226
+380(69)9848759
+380(69)8044552
+380(69)6078491
+380(69)9514457
+380(69)4572175
+380(69)3588922
+380(69)7462775
+380(69)6383987
+380(69)5440751
+380(69)3919699
+380(69)3438029
+380(69)1762683
+380(69)7587593
+380(69)7669898
+380(69)2120606
+380(69)1032293
+380(69)7933046
+380(69)1287159
+380(69)7541969
+380(69)5302061
+380(69)8322834
+380(69)4274430
+380(69)2407306
+380(69)6059537
+380(69)5259338
+380(69)6117334
+380(69)3110263
+380(69)2324133
+380(69)7253035
+380(69)2609264
+380(69)9638027
+380(69)1907178
+380(69)9836541
+380(69)8271389
+380(69)9749560
+380(69)8329592
+380(69)6205459
+380(69)4404607
+380(69)5633884
+380(69)9008104
+380(69)9166404
+380(69)1808757
+380(69)6680192
+380(69)7687306
+380(69)2901854
+380(69)7043520
+380(69)8330356
+380(69)2032188
+380(69)1872374
+380(69)2397963
+380(69)3885740
+380(69)6585362
+380(69)6073540
+380(69)8082654
+380(69)1220612
+380(69)3635115
+380(69)3766711
+380(69)7755836
+380(69)9524828
+380(69)9489731
+380(69)4774997
+380(69)2726934
+380(69)5609276
+380(69)6137662
+380(69)9503029
+380(69)4861899
+380(69)5239541
+380(69)5913403
+380(69)4222117
+380(69)2216014
+380(69)4952729
+380(69)3197816
+380(69)8182752
+380(69)5593625
+380(69)5815067
+380(69)2342497
+380(69)7389299
+380(69)1038410
+380(69)1196780
+380(69)3967405
+380(69)9216439
+380(69)6429061
+380(69)8336259
+380(69)5710016
+380(69)2548436
+380(69)3057766
+380(69)6277652
+380(69)2105266
+380(69)4707378
+380(69)2195041
+380(69)7442293
+380(69)2525169
+380(69)4162231
+380(69)8769436
+380(69)4239957
+380(69)9647961
+380(69)8466204
+380(69)5228175
+380(69)7121696
+380(69)9503268
+380(69)1710964
+380(95)2052349
+380(95)8087359
+380(95)1766727
+380(95)5672766
+380(95)1823195
+380(95)3907270
+380(95)5940156
+380(95)2207225
+380(95)4156858
+380(95)7424439
+380(95)2983697
+380(95)8563873
+380(95)4021338
+380(95)6127398
+380(95)7805121
+380(95)1689400
+380(95)5198696
+380(95)8706305
+380(95)3378232
+380(95)1804576
+380(95)5979479
+380(95)3895802
+380(95)9083846
+380(95)8968750
+380(95)2476551
+380(95)8557050
+380(95)8966355
+380(95)1142141
+380(95)5971688
+380(95)2631747
+380(95)2133991
+380(95)6179579
+380(95)3602810
+380(95)7770820
+380(95)8930270
+380(95)3599697
+380(95)3785035
+380(95)2230895
+380(95)2580257
+380(95)2592868
+380(95)6906418
+380(95)7894671
+380(95)1023342
+380(95)1540683
+380(95)9088485
+380(95)8178980
+380(95)9503640
+380(95)9013366
+380(95)9780229
+380(95)6796139
+380(95)5262224
+380(95)3932416
+380(95)7347299
+380(95)4272294
+380(95)6907244
+380(95)8648667
+380(95)7296967
+380(95)7791505
+380(95)9207069
+380(95)6933956
+380(95)5867594
+380(95)1992634
+380(95)6442830
+380(95)7422503
+380(95)4689090
+380(95)6412636
+380(95)1212337
+380(95)6426346
+380(95)5542844
+380(95)9288840
+380(95)1618678
+380(95)4260449
+380(95)9510312
+380(95)3366878
+380(95)8471108
+380(95)5448086
+380(95)5713645
+380(95)6539088
+380(95)3193979
+380(95)9843837
+380(95)3762099
+380(95)4845137
+380(95)2193800
+380(95)6292487
+380(95)8834875
+380(95)8424749
+380(95)8849205
+380(95)4864080
+380(95)2773592
+380(95)6074079
+380(95)5159605
+380(95)5341801
+380(95)9595425
+380(95)6288202
+380(95)3954413
+380(95)2350174
+380(95)8901791
+380(95)5754809
+380(95)1321992
+380(95)5750141
+380(95)2786102
+380(95)7138769
+380(95)8291682
+380(95)3554144
+380(95)3437319
+380(95)4266177
+380(95)9416968
+380(95)7198065
+380(95)3972259
+380(95)9679201
+380(95)9396629
+380(95)5626883
+380(95)8019624
+380(95)4127515
+380(95)8877614
+380(95)7805559
+380(95)1999550
+380(95)2864080
+380(95)9930434
+380(95)6411769
+380(95)1831220
+380(95)1884531
+380(95)8814092
+380(95)3424049
+380(95)8009792
+380(95)4422266
+380(95)3996139
+380(95)3205407
+380(95)9962913
+380(95)1068125
+380(95)2339151
+380(95)9543885
+380(95)2471879
+380(95)2800733
+380(95)1654692
+380(95)6205469
+380(95)5628538
+380(95)4402210
+380(95)8891908
+380(95)6021613
+380(95)9083581
+380(95)2944270
+380(95)9922351
+380(95)8241880
+380(95)5710669
+380(95)8822566
+380(95)4573468
+380(95)3716542
+380(95)4893775
+380(95)5821620
+380(95)6782633
+380(95)7468063
+380(95)7916975
+380(95)1615188
+380(95)6111047
+380(95)4052939
+380(95)8995933
+380(95)6904106
+380(95)2833506
+380(95)8301315
+380(95)8255050
+380(95)9700518
+380(95)1459693
+380(95)4522351
+380(95)4707199
+380(95)7342826
+380(95)9415497
+380(95)4697585
+380(95)7522705
+380(95)2001895
+380(95)8966921
+380(95)1961855
+380(95)5491698
+380(95)5111856
+380(95)4135372
+380(95)7080333
+380(95)1651062
+380(95)3202786
+380(95)1494495
+380(95)1078993
+380(95)2443356
+380(95)5298191
+380(95)2607309
+380(95)3277865
+380(95)7856389
+380(95)3557840
+380(95)5143564
+380(95)3853819
+380(95)3252190
+380(95)1614252
+380(95)5150807
+380(95)4119981
+380(95)3766663
+380(95)5582019
+380(95)2202446
+380(95)6615811
+380(95)2149077
+380(95)2008465
+380(95)9881092
+380(95)5969025
+380(95)9337667
+380(95)9515088
+380(95)1358982
+380(95)1887340
+380(95)9431373
+380(95)3214091
+380(95)2203143
+380(95)3494494
+380(95)5644500
+380(95)8420905
+380(95)9954842
+380(95)6970062
+380(95)5351759
+380(95)1524229
+380(95)8208641
+380(95)2938845
+380(95)4193048
+380(95)1003618
+380(95)7166109
+380(95)7021539
+380(95)6248077
+380(95)7366675
+380(95)3884047
+380(95)5100680
+380(95)9573595
+380(95)6905023
+380(95)8989410
+380(95)3732893
+380(95)6850587
+380(95)8649806
+380(95)7017820
+380(95)1089542
+380(95)2926314
+380(95)2660661
+380(95)3794762
+380(95)4272565
+380(95)3689525
+380(95)1530200
+380(95)7565729
+380(95)8656100
+380(95)7263452
+380(95)6552776
+380(95)4163251
+380(95)1363476
+380(95)4998778
+380(95)7634952
+380(95)3302652
+380(95)3673192
+380(95)5692867
+380(95)5269484
+380(95)9574032
+380(95)3373634
+380(95)2259246
+380(95)3429091
+380(95)2387570
+380(95)3705749
+380(95)8157393
+380(95)7178571
+380(95)9410621
+380(95)1270450
+380(95)9958466
+380(95)4113796
+380(95)1085079
+380(95)8406097
+380(95)7174484
+380(95)7166784
+380(95)7609053
+380(95)8732739
+380(95)1432003
+380(95)4046787
+380(95)6243341
+380(95)1707207
+380(95)4963129
+380(95)5502657
+380(95)5673464
+380(95)3217734
+380(95)2067720
+380(95)1949934
+380(95)2541158
+380(95)8950917
+380(95)2297632
+380(95)6078751
+380(95)8144880
+380(95)7453715
+380(95)3631527
+380(95)6203169
+380(95)3027315
+380(95)5315625
+380(95)4896305
+380(95)4088625
+380(95)8351000
+380(95)4429153
+380(95)7597181
+380(95)1252301
+380(95)6462235
+380(95)2406003
+380(95)9966318
+380(95)8798656
+380(95)9642926
+380(95)7600315
+380(95)2492369
+380(95)1397690
+380(95)6737590
+380(95)6470503
+380(95)4592384
+380(95)2062624
+380(95)3087465
+380(95)5526286
+380(95)1336134
+380(95)9399156
+380(95)3841679
+380(95)9175813
+380(95)1587362
+380(95)3851174
+380(95)6010143
+380(95)5281908
+380(95)5946922
+380(95)4375178
+380(95)6262916
+380(95)2857431
+380(95)6956551
+380(95)7342740
+380(95)6648256
+380(95)5046670
+380(95)3053199
+380(95)3924178
+380(95)2937510
+380(95)2682786
+380(95)6521280
+380(95)9541463
+380(95)6720247
+380(95)5579744
+380(95)3964701
+380(95)6001132
+380(95)9577191
+380(95)5581717
+380(95)9202868
+380(95)9536470
+380(95)8934015
+380(95)5225707
+380(95)3865701
+380(95)6567469
+380(95)3014639
+380(95)8571563
+380(95)2786532
+380(95)3706209
+380(95)1098444
+380(95)7827006
+380(95)2134151
+380(95)8179657
+380(95)9456894
+380(95)5800945
+380(95)3339130
+380(95)5792778
+380(95)8268498
+380(95)4733934
+380(95)7455673
+380(95)4486919
+380(95)4937386
+380(95)2012134
+380(95)7806631
+380(95)1023734
+380(95)6634277
+380(95)3989404
+380(95)8195495
+380(95)2587675
+380(95)7336712
+380(95)3357943
+380(95)9700357
+380(95)3370331
+380(95)6547343
+380(95)5644430
+380(95)1637483
+380(95)2786838
+380(95)2787346
+380(95)7826256
+380(95)5997370
+380(95)4626201
+380(95)3437796
+380(95)2161766
+380(95)1279421
+380(95)6357575
+380(95)3301731
+380(95)2525507
+380(95)3032618
+380(95)6097797
+380(95)9938793
+380(95)4361376
+380(95)9177723
+380(95)5388043
+380(95)3198637
+380(95)6512121
+380(95)1070987
+380(95)2507248
+380(95)3391767
+380(95)2873395
+380(95)7526252
+380(95)2345807
+380(95)3113896
+380(95)8008944
+380(95)5786606
+380(95)9871908
+380(95)7565209
+380(95)8494403
+380(95)6640027
+380(95)9830581
+380(95)1031447
+380(95)8472085
+380(95)9664035
+380(95)5383232
+380(95)2310874
+380(95)4428564
+380(95)4113902
+380(95)7335500
+380(95)5687598
+380(95)9481894
+380(95)5093593
+380(95)8456179
+380(95)8115286
+380(95)7361353
+380(95)9574062
+380(95)6522179
+380(95)6967585
+380(95)9687895
+380(95)2022132
+380(95)3685988
+380(95)5959787
+380(95)2697075
+380(95)8281424
+380(95)9478115
+380(95)8691090
+380(95)4467825
+380(95)5499491
+380(95)6510840
+380(95)4818474
+380(95)3953374
+380(95)6959916
+380(95)6881456
+380(95)3021262
+380(95)2171468
+380(95)6685426
+380(95)6896209
+380(95)4832558
+380(95)7723239
+380(95)5387735
+380(95)3930710
+380(95)2671824
+380(95)2810251
+380(95)4990960
+380(95)3113468
+380(95)6954260
+380(95)1528978
+380(95)3701881
+380(95)6874526
+380(95)7191159
+380(95)5901306
+380(95)1066863
+380(95)1693276
+380(95)3333444
+380(95)4658395
+380(95)6663913
+380(95)6763739
+380(95)5153379
+380(95)5971804
+380(95)6186328
+380(95)5470854
+380(95)4781319
+380(95)1182254
+380(95)3837706
+380(95)5654092
+380(95)4204202
+380(95)7516287
+380(95)1299151
+380(95)2661339
+380(95)7573100
+380(95)4967044
+380(95)1138874
+380(95)6166499
+380(95)5323387
+380(95)9590137
+380(95)1601228
+380(95)1613201
+380(95)2468457
+380(95)2071777
+380(95)6455779
+380(95)1435898
+380(95)5522146
+380(95)7699408
+380(95)1988311
+380(95)8313063
+380(95)3107458
+380(95)1344881
+380(95)8343526
+380(95)9022454
+380(95)8775351
+380(95)9115854
+380(95)8119574
+380(95)3320229
+380(95)5155487
+380(95)9022490
+380(43)7348119
+380(43)8364449
+380(43)4443907
+380(43)1417136
+380(43)7024820
+380(43)3447642
+380(43)4865483
+380(43)8567777
+380(43)1278930
+380(43)5731313
+380(43)2233790
+380(43)1188204
+380(43)4003946
+380(43)7795826
+380(43)5785665
+380(43)7303085
+380(43)1361210
+380(43)4246674
+380(43)6212962
+380(43)9459792
+380(43)3119943
+380(43)6851196
+380(43)9762128
+380(43)3759576
+380(43)5994920
+380(43)8460380
+380(43)5266097
+380(43)6066375
+380(43)7176894
+380(43)1408238
+380(43)3592298
+380(43)1701556
+380(43)5124141
+380(43)8403200
+380(43)4223845
+380(43)9615577
+380(43)3788151
+380(43)2889244
+380(43)8458756
+380(43)4874354
+380(43)4047876
+380(43)8196932
+380(43)9858131
+380(43)4817589
+380(43)6524490
+380(43)4697661
+380(43)8117546
+380(43)6845943
+380(43)4469141
+380(43)5473727
+380(43)8679074
+380(43)7105878
+380(43)8497732
+380(43)9156049
+380(43)3520829
+380(43)7092492
+380(43)6064694
+380(43)7273787
+380(43)4515971
+380(43)4164049
+380(43)9784411
+380(43)1331195
+380(43)3158083
+380(43)6800222
+380(43)2793638
+380(43)9996993
+380(43)6034264
+380(43)4123085
+380(43)1606534
+380(43)3910945
+380(43)5400192
+380(43)2160793
+380(43)6553977
+380(43)6633279
+380(43)3718882
+380(43)4008758
+380(43)4729988
+380(43)2825225
+380(43)6320419
+380(43)6629447
+380(43)4257875
+380(43)9005496
+380(43)4471504
+380(43)8910949
+380(43)1923768
+380(43)6931829
+380(43)4085185
+380(43)8562361
+380(43)9193681
+380(43)5956745
+380(43)9939928
+380(43)4705157
+380(43)5240581
+380(43)3592586
+380(43)6631258
+380(43)6916526
+380(43)3167655
+380(43)2038777
+380(43)1343792
+380(43)8695927
+380(43)9028078
+380(43)3954828
+380(43)7375689
+380(43)5360223
+380(43)9341114
+380(43)3476607
+380(43)8549209
+380(43)4195741
+380(43)2243729
+380(43)1870502
+380(43)2227298
+380(43)4426719
+380(43)6675572
+380(43)2942881
+380(43)5463308
+380(43)9616699
+380(43)9822165
+380(43)5586024
+380(43)3284672
+380(43)4118471
+380(43)8659015
+380(43)6264007
+380(43)9547214
+380(43)2118642
+380(43)1618091
+380(43)9474210
+380(43)5978818
+380(43)6695356
+380(43)8421995
+380(43)3033116
+380(43)5979041
+380(43)1224655
+380(43)9594678
+380(43)9914800
+380(43)4832414
+380(43)8190037
+380(43)1778639
+380(43)9746534
+380(43)7928487
+380(43)5448329
+380(43)1112855
+380(43)4162025
+380(43)5433869
+380(43)4356975
+380(43)7029147
+380(43)8778919
+380(43)7660213
+380(43)3641370
+380(43)7889555
+380(43)3294790
+380(43)5011984
+380(43)2854923
+380(43)6645128
+380(43)3785064
+380(43)4141103
+380(43)9285366
+380(43)2332823
+380(43)5499230
+380(43)7330211
+380(43)7642773
+380(43)9452520
+380(43)4945906
+380(43)8817671
+380(43)5480252
+380(43)8438209
+380(43)8866427
+380(43)4512941
+380(43)2923011
+380(43)1627935
+380(43)3808790
+380(43)6817441
+380(43)1584169
+380(43)3366889
+380(43)3778054
+380(43)5415078
+380(43)7897795
+380(43)4017002
+380(43)7138944
+380(43)7594179
+380(43)7878420
+380(43)7848857
+380(43)2868117
+380(43)6973952
+380(43)6521559
+380(43)3627224
+380(43)8062265
+380(43)6722142
+380(43)1928406
+380(43)9218066
+380(43)8695994
+380(43)1234173
+380(43)5255869
+380(43)6287524
+380(43)4436389
+380(43)9736344
+380(43)2640819
+380(43)1432523
+380(43)6315383
+380(43)8148943
+380(43)9156537
+380(43)2933349
+380(43)2785167
+380(43)4217111
+380(43)4633670
+380(43)8385742
+380(43)8683016
+380(43)7387035
+380(43)6014793
+380(43)8483498
+380(43)8636152
+380(43)9411249
+380(43)2117154
+380(43)1959205
+380(43)1821421
+380(43)7006817
+380(43)8415115
+380(43)3023598
+380(43)4979560
+380(43)6097410
+380(43)3738951
+380(43)1596314
+380(43)4853988
+380(43)2871792
+380(43)3224885
+380(43)8298895
+380(43)7149130
+380(43)7846425
+380(43)7459008
+380(43)7541272
+380(43)2902978
+380(43)9023228
+380(43)4489483
+380(43)2298041
+380(43)3523643
+380(43)5991892
+380(43)6167294
+380(43)8328220
+380(43)7294576
+380(43)6615393
+380(43)6927686
+380(43)1362898
+380(43)1967142
+380(43)1771303
+380(43)6711874
+380(43)9557078
+380(43)9920662
+380(43)2006542
+380(43)2337180
+380(43)7057896
+380(43)9842485
+380(43)7949307
+380(43)8601318
+380(43)6321258
+380(43)2587123
+380(43)2879245
+380(43)3571149
+380(43)8666910
+380(43)8980896
+380(43)6792883
+380(43)8873882
+380(43)9512470
+380(43)5601506
+380(43)3524000
+380(43)9960567
+380(43)3820143
+380(43)4928923
+380(43)1889452
+380(43)3781721
+380(43)3004190
+380(43)7977453
+380(43)8749768
+380(43)1410806
+380(43)6652356
+380(43)5325220
+380(43)8476559
+380(43)9429059
+380(43)9968423
+380(43)5468984
+380(43)2616161
+380(43)6391035
+380(43)9650249
+380(43)6129800
+380(43)5905305
+380(43)2293311
+380(43)2003973
+380(43)2271622
+380(43)5866156
+380(43)4575649
+380(43)9675560
+380(43)3604146
+380(43)1318312
+380(43)7981047
+380(43)9001315
+380(43)9682141
+380(43)5491010
+380(43)7254096
+380(43)4964005
+380(43)4523605
+380(43)5531064
+380(43)6265357
+380(43)2210447
+380(43)8029797
+380(43)1647669
+380(43)3650093
+380(43)9402484
+380(43)6781493
+380(43)6530669
+380(43)8444724
+380(43)9360508
+380(43)7313775
+380(43)5590789
+380(43)6712112
+380(43)1676716
+380(43)9583401
+380(43)4506190
+380(43)9089610
+380(43)7117743
+380(43)1548804
+380(43)5550517
+380(43)9884282
+380(43)3432860
+380(43)7626118
+380(43)7194440
+380(43)4268502
+380(43)4604037
+380(43)7653188
+380(43)1413404
+380(43)9469542
+380(43)4791030
+380(43)3003376
+380(43)5373564
+380(43)6072942
+380(43)7384347
+380(43)6414915
+380(43)3257707
+380(43)1191293
+380(43)1687187
+380(43)8222066
+380(43)2182110
+380(43)7275680
+380(43)3586706
+380(43)2101423
+380(43)7172264
+380(43)5553354
+380(43)8459270
+380(43)4369127
+380(43)5919713
+380(43)9347711
+380(43)4325024
+380(43)1252584
+380(43)9625702
+380(43)2024179
+380(43)7057969
+380(43)3800418
+380(43)7877184
+380(43)6358389
+380(43)2408435
+380(43)8639921
+380(43)8910533
+380(43)4299692
+380(43)7800110
+380(43)8221974
+380(43)9889053
+380(43)2956525
+380(43)9694662
+380(43)1506215
+380(43)7116711
+380(43)1517301
+380(43)4387525
+380(43)1092367
+380(43)2224423
+380(43)5925435
+380(43)8092029
+380(43)2249849
+380(43)4511380
+380(43)9230643
+380(43)1329338
+380(43)8909924
+380(43)1307620
+380(43)3440963
+380(43)2719755
+380(43)7683478
+380(43)3560443
+380(43)4931371
+380(43)6387602
+380(43)7788618
+380(43)2214611
+380(43)2419289
+380(43)7020619
+380(43)3138691
+380(43)1951611
+380(43)8262615
+380(43)5721116
+380(43)2634572
+380(43)8591870
+380(43)1059271
+380(43)1721623
+380(43)5536125
+380(43)1001844
+380(43)8263096
+380(43)6993804
+380(43)3023724
+380(43)8986038
+380(43)1752443
+380(43)5048094
+380(43)6838763
+380(43)3155262
+380(43)2337162
+380(43)8076238
+380(43)5311119
+380(43)1522153
+380(43)2110549
+380(43)2523645
+380(43)9559546
+380(43)1737323
+380(43)1182838
+380(43)9097632
+380(43)7858598
+380(43)7771209
+380(43)4591030
+380(43)5917744
+380(43)8032108
+380(43)4684710
+380(43)3015503
+380(43)5055264
+380(43)9003636
+380(43)4823203
+380(43)6792717
+380(43)5336067
+380(43)3109933
+380(43)2682656
+380(43)4516733
+380(43)3087925
+380(43)3121093
+380(43)2518917
+380(43)3813424
+380(43)3522655
+380(43)4131189
+380(43)4284379
+380(43)2791545
+380(43)3087318
+380(43)3739077
+380(43)9540502
+380(43)8635997
+380(43)8901843
+380(43)2628801
+380(43)8442991
+380(43)6224903
+380(43)5996986
+380(43)6658182
+380(43)4678814
+380(43)4344398
+380(43)3003214
+380(43)2176479
+380(43)4516865
+380(43)1965518
+380(43)2393952
+380(43)7798803
+380(43)1349401
+380(43)9939992
+380(43)1334953
+380(43)6689136
+380(43)4087507
+380(43)7459310
+380(43)6108514
+380(43)4166453
+380(43)2239375
+380(43)7428050
+380(43)3596543
+380(43)6517398
+380(43)7988803
+380(43)6162386
+380(43)6303751
+380(43)5931801
+380(43)4860502
+380(43)9939834
+380(43)5843176
+380(43)7197411
+380(43)8847026
+380(43)1126312
+380(43)1865636
+380(43)4544839
+380(43)5151498
+380(43)9923798
+380(43)7923749
+380(43)7488769
+380(43)3881725
+380(43)7824222
+380(43)4814263
+380(43)6746481
+380(43)9331808
+380(43)4123815
+380(43)7952618
+380(43)7722294
+380(43)5748810
+380(43)7561822
+380(43)8510750
+380(43)6867910
+380(43)4848610
+380(43)3150162
+380(72)8331097
+380(72)3141684
+380(72)2481768
+380(72)9444280
+380(72)9108456
+380(72)4493959
+380(72)4344686
+380(72)6959063
+380(72)1837733
+380(72)2726488
+380(72)3581163
+380(72)6779080
+380(72)1788777
+380(72)9828976
+380(72)9545776
+380(72)1156842
+380(72)1019277
+380(72)3064782
+380(72)8010279
+380(72)1462432
+380(72)6281109
+380(72)1393343
+380(72)9976764
+380(72)1700796
+380(72)3759232
+380(72)9045716
+380(72)3477307
+380(72)8857831
+380(72)6898057
+380(72)9927448
+380(72)8772211
+380(72)7297828
+380(72)7444418
+380(72)3680016
+380(72)3967870
+380(72)2648051
+380(72)4346951
+380(72)4581332
+380(72)6949560
+380(72)2623015
+380(72)2194637
+380(72)7634623
+380(72)2167400
+380(72)6158948
+380(72)3783101
+380(72)4838685
+380(72)4449682
+380(72)4495411
+380(72)3217120
+380(72)8375446
+380(72)4312173
+380(72)7919220
+380(72)6824329
+380(72)1058630
+380(72)1746997
+380(72)7303705
+380(72)9075637
+380(72)1149110
+380(72)1070915
+380(72)1636141
+380(72)7434911
+380(72)2692613
+380(72)1539955
+380(72)4385949
+380(72)7138239
+380(72)6927988
+380(72)3478198
+380(72)3971849
+380(72)9097252
+380(72)5713051
+380(72)3621900
+380(72)7826648
+380(72)2236513
+380(72)8707472
+380(72)5158526
+380(72)6480186
+380(72)5363343
+380(72)2605506
+380(72)3796604
+380(72)4955062
+380(72)7711397
+380(72)4373639
+380(72)9116057
+380(72)2029889
+380(72)7508840
+380(72)7940221
+380(72)3759066
+380(72)2816971
+380(72)1335909
+380(72)5329943
+380(72)8672019
+380(72)7962866
+380(72)6252785
+380(72)7600085
+380(72)9592803
+380(72)1227715
+380(72)5936561
+380(72)9134092
+380(72)7619954
+380(72)9671816
+380(72)4769036
+380(72)5558402
+380(72)9668035
+380(72)3183062
+380(72)3212727
+380(72)8864183
+380(72)2606256
+380(72)6744423
+380(72)8263295
+380(72)2833452
+380(72)6959663
+380(72)9165902
+380(72)4605922
+380(72)8993335
+380(72)4201853
+380(72)7937920
+380(72)8851389
+380(72)1459993
+380(72)2381042
+380(72)4310228
+380(72)3163963
+380(72)7209801
+380(72)9671616
+380(72)1285387
+380(72)7143683
+380(72)8767439
+380(72)1139818
+380(72)2275884
+380(72)9607718
+380(72)8056919
+380(72)7773729
+380(72)4719766
+380(72)7595805
+380(72)3331121
+380(72)5517929
+380(72)3352751
+380(72)3393872
+380(72)5670004
+380(72)3842942
+380(72)4227173
+380(72)8589579
+380(72)8130394
+380(72)7918900
+380(72)4238824
+380(72)7445636
+380(72)7174403
+380(72)2023424
+380(72)3017122
+380(72)7011638
+380(72)1679989
+380(72)3434194
+380(72)8755962
+380(72)2408468
+380(72)3626940
+380(72)1806061
+380(72)7102630
+380(72)1974205
+380(72)8005667
+380(72)8703484
+380(72)5297282
+380(72)6717327
+380(72)3981264
+380(72)8020360
+380(72)9125415
+380(72)3098605
+380(72)5660830
+380(72)8390892
+380(72)6415020
+380(72)7859369
+380(72)7026977
+380(72)7468900
+380(72)4073495
+380(72)8460351
+380(72)1596846
+380(72)8025974
+380(72)2674186
+380(72)4291836
+380(72)3917202
+380(72)8190706
+380(72)8684339
+380(72)6945636
+380(72)3968623
+380(72)2170461
+380(72)1657808
+380(72)5968613
+380(72)5665634
+380(72)5759003
+380(72)8593493
+380(72)2848407
+380(72)4535674
+380(72)8352499
+380(72)8796593
+380(72)7294772
+380(72)2954220
+380(72)6696012
+380(72)3289097
+380(72)5374496
+380(72)3350315
+380(72)9510868
+380(72)3798332
+380(72)8494770
+380(72)1791925
+380(72)5790325
+380(72)1288197
+380(72)2465962
+380(72)2288025
+380(72)4839504
+380(72)4108098
+380(72)8465134
+380(72)4183021
+380(72)3790251
+380(72)8942095
+380(72)2559357
+380(72)5030852
+380(72)9926466
+380(72)4799587
+380(72)9551447
+380(72)3604413
+380(72)9218977
+380(72)7822746
+380(72)9618152
+380(72)2303351
+380(72)2519615
+380(72)6081781
+380(72)1392985
+380(72)6198966
+380(72)8386048
+380(72)4425617
+380(72)1827734
+380(72)1526872
+380(72)7775085
+380(72)5270856
+380(72)5104613
+380(72)6339480
+380(72)5158174
+380(72)1718439
+380(72)9440137
+380(72)1217370
+380(72)2894123
+380(72)1135013
+380(72)3507559
+380(72)9227388
+380(72)1436074
+380(72)7243073
+380(72)8933046
+380(72)3183598
+380(72)2327099
+380(72)6898398
+380(72)2787139
+380(72)6242061
+380(72)4132886
+380(72)3825994
+380(72)5331647
+380(72)2394978
+380(72)4802780
+380(72)5199651
+380(72)3913173
+380(72)6072963
+380(72)1811187
+380(72)7366275
+380(72)3982976
+380(72)9266454
+380(72)7319457
+380(72)6451938
+380(72)2834219
+380(72)1054501
+380(72)2906578
+380(72)9359200
+380(72)9651253
+380(72)5813752
+380(72)1483828
+380(72)5861495
+380(72)1154762
+380(72)4907379
+380(72)3445398
+380(72)6067712
+380(72)3844608
+380(72)1144784
+380(72)6508981
+380(72)8389721
+380(72)6622445
+380(72)1333406
+380(72)2092304
+380(72)7442832
+380(72)7827961
+380(72)4348358
+380(72)8118016
+380(72)9601019
+380(72)5346556
+380(72)8445668
+380(72)9767721
+380(72)9518839
+380(72)9859920
+380(72)3146741
+380(72)4519076
+380(72)6694073
+380(72)8761363
+380(72)7164499
+380(72)5392064
+380(72)8973059
+380(72)5860045
+380(72)7242024
+380(72)1820925
+380(72)9404986
+380(72)3055388
+380(72)6197275
+380(72)6621073
+380(72)1647518
+380(72)1761508
+380(72)6867565
+380(72)3486859
+380(72)8066437
+380(72)7853945
+380(72)7688104
+380(72)5525031
+380(72)5189512
+380(72)1356769
+380(72)3734141
+380(72)2779676
+380(72)1182848
+380(72)5349333
+380(72)5846618
+380(72)1344952
+380(72)4744824
+380(72)9905158
+380(72)5864241
+380(72)5454653
+380(72)2832419
+380(72)9639095
+380(72)7251373
+380(72)1046442
+380(72)3667043
+380(72)1846918
+380(72)7784938
+380(72)5862680
+380(72)4822382
+380(72)2642985
+380(72)3109537
+380(72)5198467
+380(72)3641595
+380(72)1485339
+380(72)9239586
+380(72)4290355
+380(72)7996234
+380(72)2392751
+380(72)6899394
+380(72)2940912
+380(72)2705984
+380(72)6169471
+380(72)3184202
+380(72)8892322
+380(72)1520718
+380(72)2985483
+380(72)6301986
+380(72)1424867
+380(72)9809647
+380(72)2314465
+380(72)1153214
+380(72)8918801
+380(72)4019523
+380(72)7995146
+380(72)7145307
+380(72)9224394
+380(72)6271759
+380(72)4092991
+380(72)2987161
+380(72)6231205
+380(72)5857922
+380(72)1421844
+380(72)2729296
+380(72)3411079
+380(72)6882716
+380(72)5708615
+380(72)4080410
+380(72)5676634
+380(72)6434682
+380(72)7812560
+380(72)4050730
+380(72)3490441
+380(72)2740587
+380(72)4140316
+380(72)1858778
+380(72)7831076
+380(72)5800931
+380(72)3062832
+380(72)2486256
+380(72)1740157
+380(72)7978155
+380(72)3963694
+380(72)5153911
+380(72)7743885
+380(72)1253567
+380(72)7064814
+380(72)5578938
+380(72)1938306
+380(72)3517126
+380(72)7438648
+380(72)2367805
+380(72)5276828
+380(72)5862399
+380(72)5361698
+380(72)2971014
+380(72)2278485
+380(72)9996828
+380(72)6510131
+380(72)2263680
+380(72)7769905
+380(72)8273707
+380(72)1681064
+380(72)5255110
+380(72)4574707
+380(72)7116160
+380(72)2377280
+380(72)6581764
+380(72)1362072
+380(72)4157957
+380(72)6242267
+380(72)1958059
+380(72)5985836
+380(72)5786109
+380(72)6774327
+380(72)3756679
+380(72)7134385
+380(72)7154302
+380(72)5339966
+380(72)2112881
+380(72)6049051
+380(72)2047054
+380(72)8468135
+380(72)3852582
+380(72)6115471
+380(72)2068280
+380(72)2219850
+380(72)7647296
+380(72)9686461
+380(72)2169659
+380(72)1844872
+380(72)1861548
+380(72)9086401
+380(72)2745905
+380(72)8404446
+380(72)6715531
+380(72)7411366
+380(72)4406328
+380(72)5884852
+380(72)7909635
+380(72)7495452
+380(72)4602006
+380(72)8748207
+380(72)8652409
+380(72)9522079
+380(72)3532559
+380(72)1287746
+380(72)1037239
+380(72)2837051
+380(72)9301245
+380(72)8494933
+380(72)8135955
+380(72)5004463
+380(72)7380796
+380(72)9848155
+380(72)7724896
+380(72)8925646
+380(72)4239621
+380(72)2235161
+380(72)1807343
+380(72)8431813
+380(72)9621383
+380(72)7260515
+380(72)3103952
+380(72)8033589
+380(72)7554458
+380(72)3549134
+380(72)2014383
+380(72)4148623
+380(72)3350768
+380(72)1952993
+380(72)5151447
+380(72)2437982
+380(72)4905080
+380(72)4906304
+380(72)3596652
+380(72)1387766
+380(72)7938710
+380(72)6196592
+380(72)9397291
+380(72)1408499
+380(72)4934269
+380(72)7547150
+380(72)8598227
+380(72)6766595
+380(72)7093080
+380(72)2211910
+380(72)7085755
+380(72)3420136
+380(72)5884854
+380(72)3676740
+380(72)4260445
+380(72)8154187
+380(72)9910847
+380(90)2701948
+380(90)8097515
+380(90)9645180
+380(90)4968631
+380(90)2358131
+380(90)2674668
+380(90)5382911
+380(90)2437702
+380(90)1695285
+380(90)8507133
+380(90)9363323
+380(90)8498252
+380(90)6197832
+380(90)2075388
+380(90)2961268
+380(90)6049276
+380(90)9077535
+380(90)2832353
+380(90)9288218
+380(90)7250106
+380(90)5919539
+380(90)2714980
+380(90)1609981
+380(90)4220327
+380(90)8790122
+380(90)1342274
+380(90)6310966
+380(90)2099139
+380(90)1309655
+380(90)1928110
+380(90)2076963
+380(90)7095850
+380(90)3140667
+380(90)6047674
+380(90)2060526
+380(90)9294330
+380(90)1814793
+380(90)2749598
+380(90)9206751
+380(90)3871052
+380(90)4396185
+380(90)5919466
+380(90)1949992
+380(90)6625540
+380(90)2521912
+380(90)9573861
+380(90)5678532
+380(90)6855701
+380(90)4114557
+380(90)5481359
+380(90)6695173
+380(90)7416891
+380(90)2371862
+380(90)1935083
+380(90)7542971
+380(90)7695285
+380(90)9076511
+380(90)3658569
+380(90)9967205
+380(90)6032632
+380(90)3222975
+380(90)2479832
+380(90)6631833
+380(90)9652054
+380(90)7144583
+380(90)4778493
+380(90)4702141
+380(90)6588262
+380(90)1606183
+380(90)7902572
+380(90)9463502
+380(90)8314715
+380(90)9795354
+380(90)6002522
+380(90)7643266
+380(90)2588183
+380(90)5679716
+380(90)4277667
+380(90)4652551
+380(90)3655681
+380(90)4715937
+380(90)7719685
+380(90)1806975
+380(90)2121439
+380(90)9924372
+380(90)6163052
+380(90)5566593
+380(90)7223222
+380(90)1430289
+380(90)6690814
+380(90)9818910
+380(90)8864656
+380(90)9555747
+380(90)1209376
+380(90)9459745
+380(90)1781080
+380(90)8789578
+380(90)5691302
+380(90)9396840
+380(90)8352387
+380(90)1568948
+380(90)5794293
+380(90)2111805
+380(90)6636581
+380(90)7573326
+380(90)3019307
+380(90)9695676
+380(90)5976218
+380(90)1417288
+380(90)4123468
+380(90)1216363
+380(90)5020961
+380(90)4946679
+380(90)6155570
+380(90)9182776
+380(90)9389587
+380(90)2380795
+380(90)8036932
+380(90)2371030
+380(90)3089128
+380(90)9741629
+380(90)4774345
+380(90)7336933
+380(90)7980614
+380(90)2761938
+380(90)4659959
+380(90)6849124
+380(90)9600409
+380(90)8797022
+380(90)5433553
+380(90)8337401
+380(90)1303417
+380(90)1494452
+380(90)7741322
+380(90)1264592
+380(90)6204510
+380(90)3730825
+380(90)7136497
+380(90)4845890
+380(90)4772864
+380(90)4123887
+380(90)1224036
+380(90)9921466
+380(90)1358017
+380(90)9342030
+380(90)2008416
+380(90)8026432
+380(90)6416457
+380(90)4424036
+380(90)3353522
+380(90)4999526
+380(90)7969426
+380(90)2035799
+380(90)7253821
+380(90)5308176
+380(90)6577320
+380(90)8601218
+380(90)5252111
+380(90)6347002
+380(90)7793623
+380(90)4588469
+380(90)7223136
+380(90)4177894
+380(90)4104134
+380(90)2911211
+380(90)8185901
+380(90)9172383
+380(90)6812375
+380(90)2883436
+380(90)2420620
+380(90)6834182
+380(90)1188945
+380(90)3095021
+380(90)5910493
+380(90)2789832
+380(90)5356838
+380(90)7897124
+380(90)3115819
+380(90)6294444
+380(90)5029330
+380(90)5390537
+380(90)8507512
+380(90)9974582
+380(90)4574284
+380(90)5028685
+380(90)6296750
+380(90)6041922
+380(90)1223288
+380(90)6830532
+380(90)1882958
+380(90)1172556
+380(90)1557960
+380(90)2198768
+380(90)2066984
+380(90)8617681
+380(90)4465980
+380(90)5529650
+380(90)2205059
+380(90)4161254
+380(90)5681458
+380(90)8506313
+380(90)8265671
+380(90)1420325
+380(90)3787387
+380(90)2190112
+380(90)4736357
+380(90)6887430
+380(90)3154092
+380(90)2205660
+380(90)8569967
+380(90)9997650
+380(90)1427476
+380(90)2883279
+380(90)8248597
+380(90)8998927
+380(90)2362395
+380(90)7616055
+380(90)9053610
+380(90)8823415
+380(90)8731001
+380(90)4213519
+380(90)4226556
+380(90)7529544
+380(90)5426944
+380(90)7156382
+380(90)5101069
+380(90)9569283
+380(90)6278414
+380(90)6787201
+380(90)3461422
+380(90)1718156
+380(90)2838228
+380(90)5644240
+380(90)8313425
+380(90)3691208
+380(90)9785432
+380(90)1131872
+380(90)9627589
+380(90)4116622
+380(90)6135867
+380(90)2476761
+380(90)4510668
+380(90)3140311
+380(90)2637908
+380(90)4740247
+380(90)2574000
+380(90)4066300
+380(90)9796094
+380(90)1999385
+380(90)6360236
+380(90)2178988
+380(90)4057611
+380(90)8984809
+380(90)5230987
+380(90)6030060
+380(90)7482664
+380(90)2303246
+380(90)5988158
+380(90)3598124
+380(90)6762162
+380(90)5879531
+380(90)5113682
+380(90)1391027
+380(90)5365586
+380(90)9690561
+380(90)8576180
+380(90)2260977
+380(90)9030466
+380(90)4143345
+380(90)2167706
+380(90)3973549
+380(90)6097115
+380(90)8562969
+380(90)8786563
+380(90)8518453
+380(90)5299461
+380(90)8079394
+380(90)5784342
+380(90)9780117
+380(90)6357808
+380(90)1180670
+380(90)7774712
+380(90)6652751
+380(90)6207141
+380(90)4931375
+380(90)4024627
+380(90)6679807
+380(90)4645003
+380(90)8505402
+380(90)7600125
+380(90)6615149
+380(90)6864483
+380(90)6439914
+380(90)2271362
+380(90)9695997
+380(90)7292462
+380(90)8580550
+380(90)7244870
+380(90)6705667
+380(90)6471786
+380(90)6663058
+380(90)3494037
+380(90)4379120
+380(90)3008277
+380(90)2224372
+380(90)4200766
+380(90)4817374
+380(90)3398881
+380(90)2656094
+380(90)8709716
+380(90)8281319
+380(90)2527097
+380(90)7583099
+380(90)5705926
+380(90)5700489
+380(90)7845225
+380(90)4160586
+380(90)9110424
+380(90)3966014
+380(90)8444813
+380(90)8103138
+380(90)1538559
+380(90)5529288
+380(90)9542642
+380(90)7417227
+380(90)1850858
+380(90)8543122
+380(90)2082122
+380(90)4708051
+380(90)5021021
+380(90)3246634
+380(90)1042900
+380(90)1160563
+380(90)5827526
+380(90)5709175
+380(90)3180229
+380(90)9484844
+380(90)8113384
+380(90)5939263
+380(90)8140245
+380(90)5356332
+380(90)4726507
+380(90)7008200
+380(90)3383892
+380(90)8667713
+380(90)9141226
+380(90)2137135
+380(90)6458271
+380(90)7420197
+380(90)4866351
+380(90)4206529
+380(90)4068212
+380(90)3932818
+380(90)3237570
+380(90)2377136
+380(90)7920421
+380(90)6435038
+380(90)6863124
+380(90)2118067
+380(90)1335591
+380(90)1401249
+380(90)1841403
+380(90)7904156
+380(90)8746971
+380(90)4111332
+380(90)7987120
+380(90)2546963
+380(90)2645613
+380(90)3683991
+380(90)5437203
+380(90)4722062
+380(90)9451215
+380(90)9843731
+380(90)3298905
+380(90)4031499
+380(90)6420546
+380(90)6871518
+380(90)4403385
+380(90)5774591
+380(90)7796725
+380(90)7883149
+380(90)5108202
+380(90)9547422
+380(90)4548938
+380(90)7577058
+380(90)8535461
+380(90)8048209
+380(90)4087866
+380(90)7079889
+380(90)6959868
+380(90)5923175
+380(90)8013378
+380(90)3165587
+380(90)3356937
+380(90)3581846
+380(90)5399915
+380(90)5590771
+380(90)6093116
+380(90)3616631
+380(90)4027882
+380(90)4675030
+380(90)3753350
+380(90)1935359
+380(90)2626304
+380(90)4934275
+380(90)7779261
+380(90)9959064
+380(90)2043756
+380(90)9395271
+380(90)8566974
+380(90)4619114
+380(90)2881360
+380(90)3481104
+380(90)8454423
+380(90)3877627
+380(90)9214588
+380(90)4198933
+380(90)9111994
+380(90)5644883
+380(90)5852709
+380(90)6989102
+380(90)1492902
+380(90)9593750
+380(90)2262133
+380(90)1887129
+380(90)9455221
+380(90)3065640
+380(90)6576411
+380(90)3214860
+380(90)1816796
+380(90)6595111
+380(90)6006583
+380(90)6110565
+380(90)7133370
+380(90)9958182
+380(90)8056231
+380(90)1846718
+380(90)4553936
+380(90)5078036
+380(90)5500358
+380(90)2998083
+380(90)8985573
+380(90)3987102
+380(90)2268009
+380(90)3599673
+380(90)7249726
+380(90)8595557
+380(90)6028676
+380(90)2959816
+380(90)7677803
+380(90)5360600
+380(90)9018898
+380(90)5877230
+380(90)8647617
+380(90)3671090
+380(90)2817015
+380(90)2451264
+380(90)1913391
+380(90)3112047
+380(90)5145128
+380(90)6565302
+380(90)2003750
+380(90)1491798
+380(90)1512984
+380(90)4576132
+380(90)5003512
+380(90)9224373
+380(90)7685536
+380(90)8833011
+380(90)1951447
+380(90)3815338
+380(90)5572258
+380(90)9448762
+380(90)7179927
+380(90)7166016
+380(90)5225503
+380(90)5076270
+380(90)9980443
+380(90)7722154
+380(90)2013999
+380(90)9306883
+380(90)5790117
+380(90)8205034
+380(90)9382004
+380(90)7703855
+380(90)2924064
+380(90)3071318
+380(90)6752854
+380(90)1915330
+380(90)3382560
+380(90)3707083
+380(90)3072734
+380(90)2579726
+380(90)8445265
+380(90)3576197
+380(90)3706107
+380(90)4166033
+380(90)5298754
+380(90)1062426
+380(90)3541554
+380(90)8184305